Variable:  conv1/kernel:0
Shape:  (1, 4, 4, 16)
[[[[ 1.92296449e-02 -9.15316880e-01 -8.43455553e-01  1.83503684e-02
    -9.79540311e-03 -5.53411767e-02  2.22923398e-01  1.83460414e-01
     1.46712631e-01  7.83575028e-02  4.55509275e-02  4.81886975e-02
    -5.85600257e-01  2.30290219e-01 -2.64494866e-01  7.67519092e-03]
   [-3.10529917e-01 -6.69540465e-01 -2.04713836e-01 -1.85737401e-01
    -3.47698107e-02 -1.62824959e-01  1.39158487e-01 -2.02619046e-01
     3.90074700e-02 -7.50919580e-02 -2.80731112e-01  9.64096427e-01
    -3.56822670e-01  4.68582839e-01 -1.37083838e-02 -1.10116936e-01]
   [ 9.80923921e-02  1.08218201e-01  5.71791172e-01 -3.43103707e-01
    -3.24497998e-01  1.18166661e+00  4.04967993e-01  2.20163427e-02
     2.21285239e-01  8.18295926e-02 -7.18376994e-01  6.84594750e-01
    -3.19493525e-02 -5.83542109e-01  1.51790172e-01 -1.08440854e-01]
   [ 9.30479050e-01 -7.21097589e-01 -6.49732888e-01  2.32991681e-01
     1.87709495e-01 -2.97377616e-01  6.23821318e-02  3.12804013e-01
     2.97351480e-01  1.06512040e-01  3.08758050e-01 -8.13954592e-01
     8.66070539e-02 -9.86485630e-02 -5.31289756e-01 -7.14396954e-01]]

  [[-5.50917462e-02  1.83869398e-03  4.24730182e-02  9.46940482e-02
     9.09030065e-03 -8.74130949e-02  2.26968020e-01  1.92633703e-01
     1.24592677e-01  8.66470784e-02  5.50035425e-02  6.38207793e-02
     1.06259614e-01  2.13281140e-01 -6.04783833e-01 -1.65124144e-02]
   [-1.86371326e-01  1.00861028e-01 -1.40935257e-01 -8.91189933e-01
    -1.14873268e-01 -7.20583349e-02  3.23109441e-02 -2.25096717e-01
    -1.38809104e-02 -7.69009590e-02 -2.41864651e-01  9.33372796e-01
    -8.56599808e-01  4.00960326e-01  8.70622918e-02  1.23931151e-02]
   [-1.51684791e-01  4.66838658e-01 -4.17520493e-01 -3.35624456e-01
    -3.55967343e-01  1.17166591e+00  1.17362723e-01 -8.32896903e-02
     2.11386755e-01  1.44442677e-01 -9.87818182e-01  6.82566941e-01
    -1.26640769e-02 -2.45702833e-01  5.36876917e-01 -2.14332148e-01]
   [ 8.80150124e-03 -8.40491205e-02  6.63755357e-01  9.25635636e-01
    -6.23673439e-01 -5.40130854e-01  1.60385340e-01  3.35881978e-01
     1.05324820e-01  1.48307636e-01  5.13847396e-02 -6.91599131e-01
     1.05736208e+00 -2.18573645e-01 -1.13247621e+00 -1.15188044e-02]]

  [[-9.43991588e-04 -6.55075070e-03 -1.35219038e+00 -5.21086156e-01
    -3.30375195e-01 -9.11404639e-02  2.48917788e-01  1.87134162e-01
    -7.77179480e-01  1.00456461e-01  5.88171594e-02  4.67051379e-02
     8.22680667e-02  2.07090020e-01 -1.07404363e+00 -3.86159234e-02]
   [-1.99917614e-01 -8.91363621e-02 -3.28680336e-01 -1.98559463e-01
    -3.47135402e-02 -3.18169594e-02 -2.83738766e-02 -2.66578764e-01
    -3.03769976e-01 -4.76356037e-02 -3.75436991e-01  8.64609599e-01
    -5.18406145e-02  3.28670114e-01 -8.44709873e-01  8.16393569e-02]
   [-2.20557034e-01  2.05664992e-01  5.76637030e-01 -1.14984587e-01
    -1.89656317e-01  1.18142390e+00  3.33278179e-01  3.22224423e-02
     2.33087942e-01 -5.11400104e-01 -9.01137650e-01  5.16653895e-01
    -3.02252034e-03 -4.49709632e-02 -7.14051783e-01 -8.08100924e-02]
   [ 2.29496896e-01  7.12631494e-02 -1.00049317e+00  4.11748178e-02
    -9.43413824e-02 -5.36694586e-01  3.62939805e-01  3.68261606e-01
    -1.85381174e-01  2.69116431e-01  2.26457089e-01 -7.01004386e-01
     1.80385292e-01 -1.83846086e-01 -5.95620036e-01  1.86052695e-01]]

  [[-2.76035327e-03 -2.96167612e-01 -1.10335338e+00 -2.26955011e-01
    -1.55790811e-02  1.83746200e-02  2.01691344e-01  2.06730187e-01
     1.02014378e-01  7.11683556e-02  4.02755812e-02  4.76523638e-02
    -2.70019233e-01  2.03969672e-01  1.69461556e-02 -2.55979747e-01]
   [-2.85093516e-01 -1.25215173e-01 -8.47198248e-01 -4.42667633e-01
    -3.33231501e-02 -2.78532803e-01  7.74057284e-02 -2.07604975e-01
     7.63553903e-02 -3.80117089e-01 -4.68394488e-01  9.63948727e-01
    -1.99519902e-01  5.41788638e-01  1.34485945e-01 -1.01409972e-01]
   [ 8.45962465e-02 -1.18961327e-01  6.29255414e-01 -2.23843485e-01
    -1.36134073e-01  1.07806432e+00  3.43224436e-01 -2.44924873e-02
     2.66651124e-01  3.66689228e-02 -6.43114448e-01  6.94338083e-01
    -4.98245694e-02 -9.34718549e-01  7.69124404e-02 -9.78596136e-02]
   [ 2.83050627e-01  1.40987962e-01 -2.43326187e-01  3.04620594e-01
    -2.98117906e-01  5.78120291e-01  1.06228381e-01  4.64374095e-01
     1.18472744e-02  4.24722075e-01  4.35734570e-01 -8.24925065e-01
     6.59523457e-02 -3.64440262e-01 -4.39326242e-02 -5.62131070e-02]]]]


Variable:  conv1/bias:0
Shape:  (16,)
[ 0.29043514 -3.0792272  -1.6019961  -1.1206288  -0.16254684 -0.86323524
 -7.053384   -4.839046   -6.174386   -0.09526071 -2.9150476  -2.1376739
 -3.5675185  -5.34822    -0.11677289 -1.1477519 ]


Variable:  conv2/kernel:0
Shape:  (2, 4, 16, 32)
[[[[-8.03593755e-01  6.16339803e-01  2.42394097e-02 ...  2.45514765e-01
    -5.26375175e-02 -6.46818519e-01]
   [-1.82020098e-01  4.85823257e-03 -7.25907236e-02 ...  4.79137450e-01
     1.37861833e-01 -1.28819898e-01]
   [-2.38409162e-01  1.47322431e-01  1.08389869e-01 ...  1.33679733e-01
    -8.27604830e-02  7.36940652e-02]
   ...
   [ 5.47626197e-01 -1.23062456e+00  2.77381152e-01 ... -1.22668207e+00
     1.45421594e-01 -2.11183414e-01]
   [-6.72511458e-02  1.66319594e-01 -9.07339752e-02 ...  1.44849196e-01
    -1.32540658e-01 -8.23850855e-02]
   [ 9.47867781e-02 -1.09197624e-01  4.55743149e-02 ... -5.54201901e-02
     5.05657643e-02  9.78083462e-02]]

  [[ 1.17938176e-01  8.22552890e-02  1.74270698e-03 ...  6.64055824e-01
     2.94156671e-01 -3.77493724e-02]
   [ 4.68802601e-01  1.49151112e-03 -4.72092837e-01 ...  7.75565803e-02
     6.40740767e-02  2.26509888e-02]
   [-2.96075523e-01 -2.10619241e-01 -8.98374394e-02 ...  7.07335770e-01
     6.88600242e-02 -7.28105754e-03]
   ...
   [-5.93196809e-01 -7.43162453e-01  2.82925040e-01 ... -1.21569052e-01
     1.54589012e-01 -1.93498060e-01]
   [ 5.11301935e-01 -1.86356418e-02 -2.13835984e-01 ...  1.36251837e-01
    -1.11673892e-01 -9.64101311e-03]
   [-1.60488710e-01  6.07005179e-01  1.78122938e-01 ... -2.39470825e-01
    -4.12969403e-02  8.97317380e-02]]

  [[ 3.41974586e-01 -2.16888776e-03 -1.11437123e-02 ... -4.13173288e-01
     9.41246822e-02 -5.52543029e-02]
   [ 3.15648645e-01 -9.87509340e-02 -5.62236458e-02 ... -2.54803360e-01
     1.06905472e+00  3.99580188e-02]
   [-3.13432127e-01 -1.82068974e-01  8.24297443e-02 ...  2.27170900e-01
     3.58585306e-02 -1.55382261e-01]
   ...
   [-4.38792616e-01 -1.00341809e+00  2.29783505e-01 ...  7.69961298e-01
    -5.62387764e-01 -6.61078691e-02]
   [-5.90051115e-01 -7.98175484e-02 -1.84014037e-01 ... -1.72215581e-01
    -1.74472723e-02  5.76770976e-02]
   [-2.13228449e-01 -2.61084616e-01 -1.10083289e-01 ...  3.65521312e-01
    -4.58726168e+00 -7.31387362e-02]]

  [[ 2.45271519e-01 -3.67799163e-01 -2.64873087e-01 ...  8.04837793e-02
     3.47402436e-03  2.39295289e-02]
   [ 1.12833656e-01  3.82034123e-01 -2.16049720e-02 ...  1.03310156e+00
    -1.56831108e-02 -1.23237528e-01]
   [-7.47764051e-01  3.39586511e-02  1.40464872e-01 ... -1.00208950e+00
     4.45786491e-02 -1.26613518e-02]
   ...
   [ 5.20889461e-01 -8.88447985e-02  4.72112387e-01 ...  2.59565949e-01
     1.99774608e-01  2.61371851e-01]
   [ 1.02369018e-01  1.64856046e-01 -3.76941115e-02 ...  1.81253433e-01
     5.21404631e-02 -7.08152354e-02]
   [-2.03313440e-01  4.49691862e-01 -1.57423869e-01 ... -5.93203723e-01
     1.64845623e-02 -6.10289015e-02]]]


 [[[ 5.51333845e-01  5.68029821e-01 -4.49378222e-01 ... -8.76115859e-02
    -1.13994889e-01  5.23962379e-02]
   [ 2.04972580e-01  1.29781395e-01  1.50432348e-01 ... -1.13593504e-01
     4.21884144e-03  5.96073806e-01]
   [-6.14471361e-02 -1.27385512e-01 -4.35731187e-02 ... -1.00508556e-01
     4.03714925e-02  3.45888026e-02]
   ...
   [-3.88646722e-01  1.79773048e-01 -5.33853292e-01 ...  1.17754674e+00
     1.42371565e-01 -1.43961599e-02]
   [ 4.10535634e-01  3.16018872e-02  2.77179092e-01 ...  3.25359315e-01
    -2.48995367e-02 -1.42707936e-02]
   [ 5.19288033e-02 -6.87283427e-02  1.22618087e-01 ... -1.18396148e-01
     7.59775341e-02 -3.15791011e-01]]

  [[-9.80992198e-01  2.68047661e-01  3.06189984e-01 ... -3.67275298e-01
    -9.85200778e-02 -7.13715926e-02]
   [-1.12251513e-01  2.74372566e-02 -6.28234074e-02 ...  4.89701480e-01
     5.37533276e-02  1.31680146e-01]
   [ 2.08972722e-01 -2.40865827e-01  1.43350527e-01 ... -6.71119392e-01
    -1.96210537e-02 -1.26635641e-01]
   ...
   [-5.90313017e-01 -4.66602862e-01 -8.46336260e-02 ...  4.02952731e-01
     8.52133892e-03 -7.58583695e-02]
   [-1.79845712e-03 -9.44150165e-02  7.31746197e-01 ...  6.05196953e-02
     3.56072336e-02 -3.84972245e-02]
   [-8.04272816e-02  9.58240032e-02  2.89639175e-01 ...  3.79074663e-01
    -3.58511470e-02 -6.96724802e-02]]

  [[-1.31402805e-01  2.37641662e-01 -6.60500452e-02 ...  5.39425194e-01
    -4.96891811e-02  2.80492961e-01]
   [ 9.31003034e-01  3.69350702e-01 -5.11889346e-02 ... -2.69693527e-02
    -9.37117934e-02  2.26089060e-01]
   [ 1.05979741e+00  6.32652789e-02 -3.29244584e-01 ... -6.21247590e-01
    -4.75337729e-02 -4.81725186e-02]
   ...
   [ 1.48155257e-01  6.32515699e-02  5.91308214e-02 ... -1.47679642e-01
    -1.02074362e-01 -5.51943898e-01]
   [ 3.25380176e-01  1.53618082e-01  1.51965618e-01 ...  2.83795029e-01
    -5.67029417e-02 -6.92318613e-03]
   [ 1.76965415e-01 -3.59073400e-01  1.38399135e-02 ... -4.99982744e-01
     2.44780276e-02 -1.14150949e-01]]

  [[-2.80706197e-01 -5.35414636e-01 -3.15682530e-01 ...  2.02480629e-01
    -4.50041238e-03 -1.08510554e-02]
   [ 3.66545796e-01  2.29796275e-01 -2.34222621e-01 ... -1.20500493e+00
     8.91564861e-02 -4.81331423e-02]
   [-4.97889929e-02  6.32061139e-02  2.20032275e-01 ...  1.19513512e+00
    -6.37313128e-02 -8.21615234e-02]
   ...
   [-2.41813496e-01  9.07544568e-02  3.30152512e-01 ... -2.75923442e-02
     1.36590809e-01  4.06023115e-01]
   [ 2.53737986e-01  1.71827786e-02  1.96318343e-01 ... -3.29408705e-01
     3.77030559e-02  1.25837207e-01]
   [ 1.90794114e-02  1.57086447e-01  7.09828436e-02 ...  9.13785756e-01
    -6.69605210e-02 -5.51943220e-02]]]]


Variable:  conv2/bias:0
Shape:  (32,)
[-2.2789714  -4.6579914  -2.2231946  -0.93215185 -0.9652838  -1.164394
 -0.6968237   2.1191318  -2.1795025  -1.551067   -2.2703476  -1.0413595
 -0.5190163  -2.9810956  -1.0484781  -0.58073974  1.0190351  -2.4738743
 -3.4613554  -1.313703   -2.4237385   0.8504018  -0.3323196  -1.2073376
  8.645352   -1.9213693  -6.782558    1.5501333   1.1075358  -1.3081274
  0.08555474 -2.0580573 ]


Variable:  conv3/kernel:0
Shape:  (3, 4, 32, 48)
[[[[ 6.25215888e-01  3.41266334e-01  6.16128027e-01 ... -1.26725876e+00
    -1.93214372e-01  5.74366152e-01]
   [-9.55927297e-02  3.90156209e-01  1.92218912e+00 ... -6.97718740e-01
     9.17581469e-02  1.87546384e+00]
   [-7.39743635e-02 -1.24433853e-01  3.76202852e-01 ...  6.85117915e-02
    -3.01966161e-01  4.10105586e-01]
   ...
   [-1.97864488e-01 -6.24302864e-01  2.25602910e-02 ...  4.45885174e-02
    -1.15649772e+00  7.78354034e-02]
   [-2.48751596e-01  1.20911129e-01 -1.58601962e-02 ...  3.46171409e-02
    -3.58915806e-01 -8.84120911e-02]
   [ 7.66092688e-02 -5.23018897e-01 -5.01799863e-03 ...  6.01787716e-02
    -1.14428580e-01 -2.19264293e+00]]

  [[ 2.99104065e-01  4.53580022e-01 -1.32153491e-02 ...  2.07679346e-02
     6.38176352e-02 -5.41627526e-01]
   [ 7.02842414e-01  2.65734434e-01  5.96032798e-01 ... -1.77576110e-01
     6.93509281e-01 -9.09274071e-02]
   [ 7.51720130e-01 -7.13947564e-02  6.77350610e-02 ...  2.09709868e-01
     2.92467117e-01  2.08425015e-01]
   ...
   [ 9.94394645e-02 -1.73317969e-01 -3.25811133e-02 ...  7.93752372e-02
    -2.36054733e-01  3.99909727e-02]
   [-1.48120567e-01 -1.43139377e-01  7.89233148e-02 ... -6.02158248e-01
    -8.74714196e-01 -4.51283120e-02]
   [-1.34024369e-02 -2.23294759e+00 -3.10105503e-01 ... -3.68788481e-01
     1.75414532e-02 -2.19364613e-01]]

  [[-3.88518333e-01 -3.23380768e-01 -4.97768283e-01 ...  1.40457079e-02
     1.33357957e-01 -5.80441467e-02]
   [ 1.77890584e-01 -4.99973111e-02  9.31405425e-01 ... -4.01515700e-02
    -3.09522480e-01  4.76136059e-02]
   [-4.58253250e-02 -2.92840689e-01  2.12978981e-02 ...  4.55308586e-01
    -1.76324740e-01  1.29254967e-01]
   ...
   [ 7.73829222e-02 -8.62615228e-01 -1.05988858e-02 ...  7.31787086e-02
    -8.73640254e-02 -4.17803824e-02]
   [-1.35543793e-01 -7.08615109e-02  3.53889950e-02 ... -3.10668409e-01
    -3.50995272e-01 -4.16384339e-02]
   [-1.02485875e-02 -8.19526315e-02 -4.06794660e-02 ... -7.45298043e-02
    -6.97653368e-02  3.93497050e-02]]

  [[ 4.94536906e-01  1.39619279e+00 -1.56339034e-01 ... -1.95906496e+00
    -2.01812312e-01 -1.71677247e-01]
   [-6.99931860e-01  1.99807987e-01 -1.93826914e-01 ...  3.87038469e-01
    -8.53044689e-02  1.85018945e-02]
   [ 2.08280236e-01  6.10082567e-01  1.10926092e-01 ... -6.20967329e-01
     1.26702309e-01  1.52631700e-01]
   ...
   [-1.36487842e-01  2.87188441e-01  1.77690014e-01 ... -4.71951663e-01
     5.28916679e-02 -1.20297052e-01]
   [ 1.88951015e-01 -1.11548334e-01  6.10894002e-02 ...  1.87465519e-01
    -4.37846273e-01  1.35151133e-01]
   [-2.27827072e-01  5.42596519e-01 -2.65070498e-02 ...  1.05198406e-01
    -4.15556639e-01  3.00845474e-01]]]


 [[[ 5.58327734e-01  5.16449571e-01  1.41976535e+00 ...  6.42749742e-02
     7.70006537e-01  3.11382324e-01]
   [ 6.26459599e-01  5.92533708e-01  2.49492669e+00 ...  1.05712616e+00
     1.04872775e+00  2.89653540e+00]
   [ 1.30160093e-01 -6.95642382e-02 -4.73888546e-01 ... -2.70403661e-02
     2.12124944e-01 -1.53014287e-01]
   ...
   [ 2.69923002e-01  1.37617841e-04  1.30056560e-01 ...  3.03678423e-01
     5.31804979e-01  1.19757028e-02]
   [ 3.04044429e-02 -6.34787917e-01 -2.03358419e-02 ... -2.37407625e-01
     5.19005120e-01 -1.67358744e+00]
   [-2.17489358e-02  2.51843572e-01 -4.61981297e-02 ... -2.22677782e-01
    -1.59558788e-01  1.17711174e+00]]

  [[ 3.35051090e-01  4.49208438e-01  9.05654311e-01 ...  5.91118753e-01
    -2.15596631e-01  1.18168318e+00]
   [ 1.14594769e+00  6.04041696e-01  1.18606341e+00 ...  1.22530019e+00
     1.67577565e+00  1.14457345e+00]
   [-3.90127689e-01 -7.43474513e-02  5.94537072e-02 ...  8.93938690e-02
     1.41695514e-01 -2.17962220e-01]
   ...
   [ 6.60920590e-02  2.81947255e-01  1.14315189e-02 ... -4.46569473e-01
     2.49126211e-01 -2.00083815e-02]
   [-4.16595712e-02 -2.66353428e-01 -6.76925182e-02 ... -7.28435218e-02
     1.14823207e-01 -8.20281506e-02]
   [ 1.65041350e-02  3.41223311e+00 -2.94880450e-01 ... -5.40121198e-01
    -1.36681169e-01 -3.94048393e-02]]

  [[ 2.44428977e-01  2.31715843e-01  1.21380473e-02 ... -3.32255483e-01
    -7.06929490e-02 -8.54858905e-02]
   [ 7.58621633e-01  4.58039194e-01  1.53277016e+00 ...  5.46230793e-01
     6.11545503e-01  1.59526205e+00]
   [ 1.34601638e-01  9.88184333e-01  1.41791496e-02 ...  2.57204711e-01
    -3.06885093e-01 -1.27643521e-03]
   ...
   [ 9.10128504e-02 -1.48625895e-01  2.36309245e-02 ... -3.00930977e-01
    -4.56615314e-02 -7.51198754e-02]
   [-4.58889939e-02  1.66595876e-01 -2.92476900e-02 ...  5.09110510e-01
    -3.11279334e-02 -4.72492799e-02]
   [-8.32322314e-02  8.90775323e-02  8.85532051e-02 ...  2.77906924e-01
    -4.24834073e-01  9.24414024e-03]]

  [[-1.30344078e-01  7.67767191e-01  6.45733550e-02 ...  1.45979869e+00
    -1.06149948e+00  1.80208176e-01]
   [ 4.59080413e-02  6.58074141e-01 -1.18301854e-01 ... -2.07346994e-02
    -1.75482118e+00  6.59095570e-02]
   [ 9.30553302e-02 -2.69079775e-01  2.80379094e-02 ...  2.77648717e-01
    -5.45959413e-01 -1.30953044e-01]
   ...
   [ 2.33961865e-01 -4.88062263e-01 -3.10863107e-02 ... -1.14269865e+00
    -7.30173439e-02  3.54545377e-02]
   [-1.08121239e-01  5.10069244e-02  8.55067894e-02 ... -6.18632257e-01
    -4.04654205e-01 -4.60890569e-02]
   [-1.91930145e-01  5.24558127e-01  8.30023810e-02 ... -3.50191355e-01
     5.40577650e-01 -2.18597770e-01]]]


 [[[-7.65289605e-01  5.94447076e-01  1.12381792e+00 ...  2.70930976e-01
     5.45072496e-01 -2.73082018e-01]
   [-1.14803672e-01  9.13368464e-01  2.16840196e+00 ...  7.62757659e-01
     9.89845574e-01 -2.27578565e-01]
   [-4.43179786e-01 -6.08560592e-02 -1.94857731e-01 ... -2.32213810e-01
    -2.07332745e-01  1.50781879e-02]
   ...
   [-6.48387522e-02  2.38109022e-01  6.69022202e-02 ... -4.14898157e-01
    -9.05695617e-01  8.86564255e-02]
   [ 1.12178676e-01  6.76205456e-01  2.35650763e-02 ... -5.38238063e-02
    -2.68424787e-02  1.99617887e+00]
   [ 4.93400879e-02  1.37425130e-02 -1.61723152e-03 ...  2.70076632e-01
    -2.99187899e-01 -2.41900697e-01]]

  [[-3.01763564e-01  2.02530771e-01  2.80378819e-01 ...  3.88434321e-01
     8.31916571e-01 -4.37610507e-01]
   [-6.28611818e-02  6.93794012e-01  8.93728614e-01 ...  9.02550995e-01
     1.69333589e+00 -4.16359007e-01]
   [-2.40145195e-02 -9.47483629e-02 -1.99008852e-01 ... -4.86831009e-01
    -3.36530566e-01  1.58032224e-01]
   ...
   [-7.20549840e-03 -5.62398493e-01 -2.50726454e-02 ... -9.05262887e-01
    -2.51739919e-01  1.22451901e-01]
   [ 8.90458375e-02  1.23480536e-01  3.26923579e-02 ...  8.87746513e-01
     4.68535006e-01 -8.37123841e-02]
   [ 4.16154638e-02 -2.71521926e+00 -4.33462337e-02 ...  1.24154210e+00
     3.67251366e-01 -1.03582188e-01]]

  [[ 2.81861007e-01  3.20070893e-01 -1.33902412e-02 ...  6.86813235e-01
     3.03132504e-01  1.21096030e-01]
   [ 5.17078519e-01  4.81780887e-01  1.41829813e+00 ...  1.42589235e+00
     3.34172964e-01 -2.08607748e-01]
   [-7.75931329e-02 -7.54636943e-01  1.85792260e-02 ... -6.75674260e-01
     1.63627177e-01  3.35413590e-02]
   ...
   [ 3.01065259e-02 -7.34239042e-01 -6.23477772e-02 ...  9.39540923e-01
     5.20284064e-02  3.39017622e-02]
   [ 7.28234053e-02 -1.53293097e-02 -4.24043722e-02 ...  4.13512379e-01
    -1.10080875e-01  1.88437141e-02]
   [ 2.51856744e-02  2.18682185e-01  4.15491909e-02 ... -3.37109745e-01
     6.55299783e-01  3.07751149e-02]]

  [[-2.53667664e-02  6.72127545e-01  4.38344151e-01 ...  1.15925264e+00
    -1.02937687e-02 -2.45015979e-01]
   [ 9.94562134e-02  9.05930996e-01 -5.63741922e-02 ... -5.21831155e-01
     7.14990601e-04 -5.50518095e-01]
   [ 2.21498702e-02 -5.48919559e-01  8.58747214e-02 ... -1.20973587e+00
     6.00754060e-02  2.54351720e-02]
   ...
   [ 1.18089303e-01 -6.70089126e-01  8.94041508e-02 ... -1.38169438e-01
    -2.14104399e-01 -1.71672046e-01]
   [-1.34471655e-01 -9.28162932e-02 -4.48425189e-02 ... -3.03057551e-01
     2.34137207e-01  1.12544313e-01]
   [-2.65440959e-02  5.02402365e-01  7.71324635e-02 ... -2.50327885e-01
     4.12107855e-01  9.93041545e-02]]]]


Variable:  conv3/bias:0
Shape:  (48,)
[-2.1696568  -1.7642516  -2.7785275  -4.352379   -3.8962805  -3.8096256
 -2.805573   -4.108055   -2.8426056  -0.55519664 -3.2051318  -2.1148272
 -4.2912507  -2.2892487  -3.6801515  -1.8067098  -1.2543812  -1.1793138
 -1.8259598  -7.07482    -2.4678926  -0.37133017 -1.884993   -2.4077744
 -1.7459725  -2.5594797  -1.3241928  -2.9965947  -0.94385904 -2.496997
 -3.466887   -1.6194361  -3.3747318  -1.9544202  -2.5803359  -0.11520053
 -2.0550265  -1.3213478  -2.622676   -4.1408267  -2.5521247  -3.0523775
 -4.9513783  -1.8882266  -1.7837688  -2.5898554  -3.01454    -2.0470755 ]


Variable:  fc4/kernel:0
Shape:  (4608, 336)
[[-0.02400773  0.0593978  -0.05360873 ... -0.01985756 -0.23755217
  -0.2464517 ]
 [ 0.0247503   0.01030482 -0.18004647 ... -0.06163138 -0.01252554
  -0.05853398]
 [-0.05927769 -0.02364247 -0.07382797 ... -0.00973656 -0.27643517
  -0.16502297]
 ...
 [ 0.1106257   0.05823623  0.04994691 ... -0.06235057  0.01585755
  -0.08646955]
 [ 0.03051944 -0.19176829  0.20590532 ...  0.2891895   0.05593186
   0.13828298]
 [ 0.02793345 -0.4123522   0.13768208 ...  0.03977356 -0.03565551
   0.20412067]]


Variable:  fc4/bias:0
Shape:  (336,)
[-15.6366005   -1.4646808   -1.3667786   -1.5145341  -13.996661
 -13.718345    -2.4749184   -2.5603926   -4.1112566   -1.3043437
  -1.5887145  -13.345167   -14.188969    -3.384854   -13.347826
 -13.370314    -2.630688    -1.7704227  -13.182077    -2.4177105
 -14.59307    -16.442657    -1.4714332   -0.4325338  -13.489618
 -14.360572    -1.2687999  -13.5646515   -1.2744118  -12.479941
  -3.2477553  -14.872861    -3.9677846   -1.2047652  -16.104973
 -13.488011    -0.28002414 -14.014344   -13.0289755   -2.6408281
 -16.245108    -1.5971605  -12.533827    -2.3462124   -2.755006
 -17.48098    -13.417158    -1.0842048   -2.9322584   -0.6661327
  -3.3214211   -1.4415203  -17.028273    -0.88062453  -5.3022065
 -14.174097    -0.64612275 -14.177403   -14.766788    -3.4137423
  -0.7234373  -13.63027    -13.38958     -3.6580942   -1.4833302
  -1.7430124  -14.159316   -13.814488    -2.3528104  -13.624492
  -1.0132444   -2.767181   -14.926623    -1.4263878   -2.7548046
  -0.6008342  -11.935765   -12.360389    -2.7368705  -15.950657
  -2.8754928   -0.6001809  -13.952762    -0.9488653  -13.332649
 -13.432003    -1.2287176   -2.0980508  -13.889074    -3.0918293
  -3.1061528  -11.411662     0.10994507  -1.4167315   -1.0685152
  -1.2869645  -13.858434   -14.170797   -13.649739    -0.98633003
 -13.626378   -12.394765    -1.4673711   -1.3925531   -0.28868273
 -13.47766    -14.667815    -1.4503545  -11.82054     -1.7333574
 -15.704262   -14.446204    -1.6273701   -1.2739779   -9.677775
  -2.0757663   -1.7898905  -14.048633   -13.571158    -1.6670383
  -1.1974821  -14.783708    -2.9364128   -0.5748284   -5.2301173
  -1.5864575  -14.248959    -1.1359819   -2.277989    -0.66420215
 -13.881248   -12.581946   -12.6530695  -13.771988   -13.473313
  -1.6137775   -0.2602918  -14.608278    -1.7182155   -9.436947
  -3.0037746  -14.843821   -14.09473     -2.9787793   -2.0128489
 -16.578661    -1.683137    -0.68192136  -3.0667422   -2.7846124
  -3.6922374   -4.7515755  -13.242948   -13.565367   -12.768378
  -7.2994666  -16.740715   -14.466079    -2.7258976  -13.639757
  -2.9335551   -0.9798513  -13.405546   -11.297837   -13.501569
 -13.064323    -1.731804   -13.879553    -1.4723474   -1.4071493
  -1.1135272   -1.34254     -6.294073    -1.692701   -16.59909
  -1.6508691   -1.606672    -1.8748301   -0.63200754  -1.0220153
  -2.8674047  -14.823267    -1.8680379  -12.717568    -1.6569823
  -1.6164584   -3.1348636   -1.5685673   -2.299353   -13.596873
  -0.9881678  -13.452217   -16.423073   -13.291948   -13.64447
  -8.338316   -12.951497    -1.190802   -13.737883    -4.0910425
  -0.6095211  -10.45841    -14.468633    -6.2778425   -5.3716116
  -1.567469    -1.4768807  -13.97088    -13.408597   -13.183763
  -1.4299668   -1.2967277   -0.7600181   -2.0773532  -14.494997
  -1.3295026  -12.647772    -3.242442    -1.8638182   -7.916426
 -13.387951    -1.3093119  -13.149508    -7.0127773  -15.600313
  -3.5465791  -14.26473    -10.312518    -3.542682    -4.5607347
  -2.4171815  -14.258244   -13.337659    -5.749706   -12.695074
 -14.471235   -13.067982    -0.85224736  -1.1869838   -3.1656513
 -13.108283   -14.162522    -0.9756898   -0.98948866  -7.163807
  -1.7722356   -2.7598858  -13.771809    -2.8762765   -3.4743092
  -1.8449024   -1.9357533   -2.943762   -15.166684   -13.687481
 -14.484797    -3.4417248   -2.4002237   -1.170707    -1.2804184
 -15.647821   -14.160719    -1.1771444   -0.5417493  -12.403317
  -2.160444   -13.868103   -14.919389    -5.5626283   -1.1216856
  -0.10742984  -1.6685858  -12.859777   -13.274166    -1.4424603
 -13.394396    -2.1069891  -16.985636    -0.5410842   -2.718336
  -1.3941811  -16.419106   -14.126549    -1.4845027  -16.64348
  -1.221092    -2.8280442   -3.161519   -15.246545   -15.464369
 -11.414212   -13.082558    -1.7720621   -0.8128996   -1.3207874
  -2.728323    -2.6542842  -15.982117    -3.1610692  -14.659593
  -2.0211387  -12.840699    -1.1824034  -13.334235    -1.8264625
 -14.128962   -15.8076725  -13.9360285  -14.026114    -1.1366123
  -4.245019    -1.7427078   -0.30502337  -3.5438952  -14.687729
  -0.9452527   -1.3652736   -1.337986   -15.56365    -13.61345
 -13.835546    -1.2970856   -0.44921753  -7.1052723   -1.4094493
 -13.558321    -3.5555565   -2.862676   -13.943416    -9.542798
  -3.1897838   -1.8651826   -2.7436984   -1.4991176   -8.294303
  -3.0012527 ]


Variable:  fc5/kernel:0
Shape:  (336, 168)
[[ 0.08625135  0.04260095  0.06841338 ...  0.10461113  0.02626028
   0.01825011]
 [-0.0006525   0.05010179  0.09715649 ...  0.04896281  0.04013847
  -0.00053382]
 [-0.12906958  0.05319593  0.0773354  ...  0.06101887  0.04940806
   0.00517969]
 ...
 [ 0.00031966  0.00673096 -0.00952155 ...  0.05707576 -0.08500405
   0.06867671]
 [ 0.00369549  0.05102512  0.1161919  ...  0.169627    0.05299502
  -0.02997081]
 [ 0.05839355  0.03991971  0.11844584 ...  0.1566786  -0.02991251
   0.12502235]]


Variable:  fc5/bias:0
Shape:  (168,)
[ -7.435739   -17.262243   -13.553977    -2.201775   -11.790858
  -6.838804    -0.08458883  -4.653649   -20.237707    -0.8828629
  -3.3419912   -3.2531562  -14.587107   -14.53191    -17.468222
 -18.010761    -3.059742    -9.380488   -18.447905    -4.8284435
 -14.191654   -15.646106   -18.346445   -17.997673    -6.5132113
 -14.662104    -8.572211    -1.8970873   -6.2581716  -13.351841
  -9.0563755  -15.357302    -3.7989478  -15.503609   -12.277627
 -11.534947   -19.636963   -17.964287    -8.187957   -13.641142
 -15.956979   -17.165783    -3.9472888  -10.384603   -17.118242
  -3.2604265  -12.461769   -20.062119   -10.897563   -11.746877
 -17.30742    -15.759125   -18.737219    -4.300413    -5.9924574
 -17.836666   -17.826363    -1.9929078  -15.040434     0.47699702
 -13.757819   -14.406966    -8.477044    -4.0832014  -17.497484
  -2.1327858   -4.5667562   -3.3202348    0.36542428  -9.128465
 -19.394901    -4.326499    -5.3833313   -1.7573882  -18.225954
  -1.7019697  -14.186695     4.316285    -4.2410164   -0.34403503
 -17.308048   -12.834282    -5.618021   -20.14899     -6.2657046
   0.04940433 -18.391403    -2.4153945  -14.117561   -13.297059
  -3.0667171   -7.155503    -1.3084617  -19.024097   -14.585956
  -9.69954     -0.8153543  -10.079504    -5.5161414   -4.693256
 -17.303423    -0.6446535   -2.434801   -14.062507   -18.276016
  -1.9385476   -0.4693788    0.26404426 -12.445034   -12.94576
 -11.549426   -14.067833    -5.083413   -17.60011    -12.182485
  -5.37447     -8.089795    -5.7957954   -7.286651   -17.49476
  -0.8583157  -19.377415   -19.741259    -2.4330614  -19.602068
 -16.26746    -10.802419   -21.162487   -14.320418   -16.538744
  -0.80923176 -16.533186   -16.26687     -7.611182   -15.890494
  -3.0707371  -20.754757   -20.310276   -11.468858   -14.688144
 -14.886474   -13.091421    -3.601878    -1.2423916   -1.5375956
 -19.524326    -3.9482126  -14.371851    -2.4682434   -3.2124367
  -3.637821   -11.040632   -17.322767    -4.786433   -16.927408
 -20.540009   -14.408348   -20.265587    -2.5611203   -2.5581656
 -14.9284115   -2.781312   -10.11564      1.135543    -0.9446043
 -18.660883   -18.88212     -2.9584982 ]


Variable:  YBaseChangeSigmoid/kernel:0
Shape:  (336, 4)
[[ 7.4626561e-03  1.1674395e-02  6.3947770e-03 -3.5025408e-03]
 [-8.5831970e-02 -8.4734596e-02  9.9266015e-02 -8.2779102e-02]
 [-9.4650067e-02 -1.0130030e-01 -9.1189623e-02  1.0541173e-01]
 ...
 [-1.0761085e-01 -1.0125649e-01 -8.8391222e-02  1.1703408e-01]
 [ 8.8015327e-04 -7.1642101e-03 -4.6326434e-03 -9.3647279e-05]
 [ 9.7022718e-03  2.9378930e-02 -2.8364399e-02 -3.0605935e-02]]


Variable:  YBaseChangeSigmoid/bias:0
Shape:  (4,)
[-0.31272382 -0.46345386 -0.45330647 -0.29691646]


Variable:  YZygosityFC/kernel:0
Shape:  (168, 2)
[[ 1.31171402e-02 -2.58210748e-02]
 [-3.41654345e-02 -2.39726417e-02]
 [-1.14167854e-02  3.32636805e-03]
 [-3.61595787e-02 -3.82646685e-03]
 [ 2.52601504e-02  2.25232132e-02]
 [ 3.89772281e-02 -5.99001981e-02]
 [-1.53835624e-01  5.71096167e-02]
 [ 1.57926548e-02 -1.03554735e-02]
 [ 1.67740714e-02 -2.21613780e-04]
 [-9.80323181e-04  5.42613259e-03]
 [ 6.77212849e-02 -3.91809344e-02]
 [ 2.64796633e-02 -6.25088364e-02]
 [ 1.50434133e-02 -1.51190329e-02]
 [-6.03832006e-02 -6.08368404e-03]
 [-2.28288546e-02  3.19472291e-02]
 [ 1.21944945e-03  1.63546577e-02]
 [ 2.21562013e-02 -3.37277204e-02]
 [ 6.80154189e-03  1.62125435e-02]
 [-4.30079177e-02  1.74179755e-03]
 [ 8.15507211e-03 -3.09780687e-02]
 [-1.05856387e-02  1.52523667e-02]
 [-3.27932686e-02  3.37680802e-03]
 [ 3.03099654e-03 -7.23027671e-03]
 [-1.92630403e-02  8.02525971e-03]
 [-1.00726560e-02 -3.32390307e-03]
 [-1.41896224e-02 -4.24476992e-03]
 [-7.21005276e-02  2.98920032e-02]
 [ 5.21747619e-02 -7.04916716e-02]
 [ 1.72166433e-02 -4.31319065e-02]
 [ 2.73551736e-02 -2.19553728e-02]
 [ 1.12369086e-03 -1.74213927e-02]
 [-3.03285047e-02 -1.48633095e-02]
 [ 4.41284925e-02  8.38955939e-02]
 [ 1.69514455e-02 -1.88362151e-02]
 [ 1.78869069e-02 -4.14439924e-02]
 [ 2.26960480e-02 -5.06141260e-02]
 [ 8.37906916e-03  1.69097446e-02]
 [-7.54595269e-03 -1.36980666e-02]
 [ 5.21868141e-03 -3.74710076e-02]
 [ 1.91673879e-02 -4.14969847e-02]
 [ 2.55944077e-02  1.72875430e-02]
 [-1.03620142e-02 -3.51935480e-04]
 [ 6.64220797e-03 -2.96011232e-02]
 [-2.63196826e-02 -1.18437018e-02]
 [ 3.64317256e-03  6.31996244e-03]
 [ 1.62448138e-02 -5.73171452e-02]
 [-7.77618214e-03 -3.32722887e-02]
 [ 5.38044190e-03 -2.02962775e-02]
 [-4.83897068e-02  3.20199281e-02]
 [ 5.32179363e-02 -5.61985299e-02]
 [-8.68333038e-03  1.23869469e-02]
 [ 1.00326231e-02 -4.06576954e-02]
 [-2.37383023e-02 -2.98602553e-03]
 [ 2.94487011e-02  6.30281400e-03]
 [-2.35084370e-02 -3.29338736e-03]
 [-3.06139681e-02  6.56274008e-03]
 [ 3.92326806e-03 -2.64286026e-02]
 [ 1.44822309e-02 -1.01014157e-03]
 [ 3.85738984e-02 -4.13329303e-02]
 [-1.64253246e-02  1.73267478e-03]
 [-2.72509567e-02  5.92255266e-03]
 [-1.04359388e-02  3.99092818e-03]
 [ 2.52457000e-02 -8.47305581e-02]
 [ 1.86720993e-02 -6.68486282e-02]
 [ 2.45911963e-02 -7.40301535e-02]
 [ 2.29899377e-01 -1.38006091e-01]
 [ 3.72789870e-03 -9.53600835e-03]
 [ 3.79373729e-02 -3.47800218e-02]
 [-5.05566783e-02  9.21612512e-03]
 [ 2.21416093e-02 -7.20958859e-02]
 [ 1.46163050e-02 -1.24514950e-02]
 [ 2.65269503e-02 -8.59589595e-03]
 [-1.20800540e-01  2.97452435e-02]
 [ 1.12492993e-01 -1.89303476e-02]
 [-2.32356843e-02 -8.18849634e-03]
 [ 2.65004653e-02 -3.39454263e-02]
 [-2.52146344e-03  2.96692317e-03]
 [-3.90105098e-02  3.29640657e-02]
 [ 2.88244449e-02 -4.01587896e-02]
 [ 1.55847957e-02  6.71554962e-03]
 [-5.29330894e-02  1.38859171e-02]
 [ 2.56437771e-02 -4.96795624e-02]
 [ 5.33646345e-02 -1.11816898e-01]
 [-4.75959806e-03 -1.85544435e-02]
 [ 3.65469232e-02 -3.46014872e-02]
 [ 1.48088988e-02  6.73219413e-02]
 [-1.15867285e-02  3.33654210e-02]
 [ 3.78753357e-02 -6.04973100e-02]
 [ 8.99557304e-03 -3.48155200e-02]
 [ 3.50138433e-02 -5.39631732e-02]
 [ 7.20662549e-02 -6.41964143e-03]
 [-1.33152343e-02  3.11294962e-02]
 [-9.12371129e-02  3.89116332e-02]
 [ 1.57432221e-02  1.47102755e-02]
 [-1.00013916e-04  2.55450848e-02]
 [ 1.09741110e-02 -3.06941587e-02]
 [-1.41919078e-03  1.03170029e-03]
 [-3.70683111e-02  6.25818595e-02]
 [ 1.62614863e-02  6.64750906e-03]
 [ 5.54592349e-03 -1.53646674e-02]
 [-8.26206896e-03 -1.37430159e-02]
 [-3.60533148e-02 -2.38261577e-02]
 [-7.66640306e-02  4.08249944e-02]
 [-3.98839861e-02 -9.04321577e-03]
 [-9.31825663e-04  7.17185065e-03]
 [ 1.92216206e-02 -2.52072681e-02]
 [ 7.33471056e-03 -1.68861321e-03]
 [-4.16068826e-03 -2.72484939e-03]
 [ 4.46131267e-03  1.90939871e-03]
 [-5.39209433e-02  8.79691262e-03]
 [ 8.97607487e-03 -8.66089091e-02]
 [-3.43838856e-02  1.94151956e-03]
 [ 7.20322654e-02 -6.39184937e-03]
 [ 1.37779508e-02 -2.92979443e-04]
 [ 5.81980534e-02 -7.90887475e-02]
 [ 2.55309064e-02 -8.69079828e-02]
 [-2.09639352e-02  1.13074286e-02]
 [ 2.95099355e-02 -3.48579623e-02]
 [-3.93802747e-02  2.67503373e-02]
 [-2.38425732e-02  1.84191726e-02]
 [ 3.16305319e-03 -6.11683354e-03]
 [ 9.55683365e-03 -4.20571491e-03]
 [-1.76141933e-02 -4.12177434e-03]
 [-6.12574592e-02  3.48770767e-02]
 [-1.33014459e-03  8.82944930e-03]
 [-8.78415350e-03 -1.37994830e-02]
 [-2.92293867e-03 -9.03801934e-04]
 [ 1.09902048e-03 -1.74677204e-02]
 [ 5.47350850e-03  3.19042057e-03]
 [-1.36027848e-02  7.33531313e-03]
 [-9.20179300e-03 -6.11050846e-03]
 [-7.66946189e-03 -3.13720363e-03]
 [-5.28159477e-02  2.19291337e-02]
 [-7.46787572e-03  2.27136035e-02]
 [-3.93831208e-02  1.89806763e-02]
 [ 1.76351722e-02 -2.39641070e-02]
 [-5.49089350e-02  3.15658636e-02]
 [-2.66689416e-02 -4.72095935e-03]
 [-1.17743146e+00  5.26326075e-02]
 [-2.90482473e-02 -1.08524142e-02]
 [ 4.70443815e-02 -1.00379676e-01]
 [-1.99403036e-02  1.39721567e-02]
 [ 7.33243898e-02 -6.37450293e-02]
 [-5.38988411e-03 -7.97570217e-03]
 [ 7.78043293e-04 -4.81368415e-02]
 [ 2.36880761e-02  3.26444232e-03]
 [ 1.45857995e-02 -8.14978927e-02]
 [-1.68144658e-01 -5.76089928e-03]
 [ 1.18886016e-01 -6.34870455e-02]
 [-1.56401023e-02  7.74450600e-03]
 [ 4.55025397e-02 -1.87365577e-01]
 [ 9.81815811e-03 -1.20520890e-02]
 [-1.51480280e-03  1.80697571e-02]
 [ 2.66509354e-02 -6.56795204e-02]
 [ 1.59518495e-02 -1.59277786e-02]
 [ 1.08353759e-03 -6.10440969e-03]
 [-2.29286365e-02  1.51886512e-03]
 [ 1.30691575e-02 -1.44711952e-03]
 [ 3.45407315e-02  2.41629165e-02]
 [ 7.17538595e-02 -4.39884104e-02]
 [-3.45808966e-03 -4.45955843e-02]
 [-1.81978866e-02 -4.06136474e-04]
 [ 5.60508743e-02 -7.70415440e-02]
 [-5.54810129e-02  1.92214455e-02]
 [ 5.23613244e-02  3.05990614e-02]
 [-2.70439123e-05 -1.05964867e-02]
 [-2.05345210e-02  1.53422561e-02]
 [-2.79938821e-02 -2.04011938e-03]]


Variable:  YZygosityFC/bias:0
Shape:  (2,)
[-1.2522537 -4.668378 ]


Variable:  YVarTypeFC/kernel:0
Shape:  (168, 4)
[[-2.43961457e-02 -9.47675295e-03 -4.73969728e-02 -7.00167334e-03]
 [ 1.96948554e-02  9.69760306e-03 -2.55237077e-03  2.06907955e-03]
 [ 1.65827852e-02  4.11611609e-03 -2.03199591e-03 -2.53706845e-03]
 [ 1.47419926e-02  1.59326550e-02 -1.07761040e-01 -5.18474840e-02]
 [-9.55263060e-03 -2.35470221e-03 -3.40931653e-03 -9.00613144e-03]
 [-5.23907766e-02  2.39908583e-02 -5.20198606e-02 -6.10768199e-02]
 [ 3.27417888e-02 -8.38639885e-02 -1.56743035e-01 -8.02685767e-02]
 [ 3.39100463e-03  3.99374813e-02 -4.84646708e-02 -5.24583757e-02]
 [ 1.91384798e-03 -2.89247301e-03  1.43780448e-02  1.70098599e-02]
 [-3.21947108e-03 -4.61794855e-03 -6.79061040e-02  2.02935329e-03]
 [-8.74643549e-02 -7.20421150e-02  9.06742439e-02 -5.29842190e-02]
 [-8.91630258e-03 -1.47098908e-02 -2.25931057e-03  1.67050678e-02]
 [ 3.75092216e-03 -2.94197835e-02  7.78119639e-03  3.65336053e-02]
 [-1.46752633e-02 -3.18256882e-03 -2.66144834e-02 -1.17810844e-02]
 [-9.30803083e-03  9.91381705e-03 -4.73787030e-03  9.97216813e-03]
 [ 8.18117429e-03 -8.67706724e-03 -1.19428383e-02 -1.06149912e-02]
 [-1.18990056e-02  2.91359182e-02 -5.39544076e-02 -2.81483829e-02]
 [ 2.01843068e-04 -1.91760645e-03 -3.14186811e-02  1.32279834e-02]
 [ 8.09450913e-03 -4.92665078e-03 -5.29512810e-03  1.94913950e-02]
 [-3.14119123e-02 -5.60943559e-02 -1.01258382e-02 -1.56106716e-02]
 [-2.22002417e-02 -9.96497832e-03  7.85095431e-03 -8.73415079e-03]
 [-1.17729828e-02 -9.97618400e-03  1.29564665e-02 -4.78217155e-02]
 [ 1.51992193e-03 -2.37957668e-03 -1.98896658e-02 -2.53684204e-02]
 [ 5.64042898e-03 -1.70449843e-04  4.62949686e-02 -1.85800288e-02]
 [-6.13091793e-03 -1.96863301e-02 -2.29731090e-02  1.60855427e-03]
 [ 4.05193307e-03 -6.89984765e-03 -3.25755924e-02  9.15532932e-03]
 [-7.21403747e-04 -1.63353793e-02  2.85476446e-02  2.80876178e-02]
 [-8.38468894e-02 -3.33160758e-02 -5.76545633e-02 -5.19206859e-02]
 [-1.39866648e-02 -4.19691168e-02  1.36825070e-02  3.41375023e-02]
 [ 1.62213221e-02 -6.84521347e-02  2.76528089e-03  1.69181451e-02]
 [-1.03834015e-03 -3.53318378e-02  1.57008953e-02  2.24193763e-02]
 [-1.09576983e-02  6.32932503e-03 -1.17319170e-02  1.12235956e-02]
 [ 7.00168386e-02  2.70109139e-02  1.35184107e-02  2.33041793e-02]
 [ 2.91978549e-02 -4.98197228e-02 -3.33311819e-02  7.75250942e-02]
 [-6.52575269e-02 -5.40371910e-02  2.70879846e-02 -1.79107748e-02]
 [-5.96373267e-02  1.98162044e-03  1.05990227e-02  6.59062935e-04]
 [ 1.00065414e-02 -2.40448080e-02 -1.50910662e-02 -7.09960330e-03]
 [ 1.44968217e-03 -1.95410044e-04 -8.01496767e-03  1.05048036e-02]
 [-3.99892330e-02 -4.10556644e-02 -2.72760428e-02  3.42845987e-03]
 [ 2.06687190e-02 -5.57811894e-02 -1.05672888e-02  2.31489055e-02]
 [-4.21648519e-03 -2.16993876e-02  1.92289203e-02  1.17983669e-02]
 [-7.86377955e-03  1.02444962e-02 -3.61892134e-02 -4.85064881e-03]
 [-4.72456478e-02 -3.96522097e-02  3.12174801e-02  3.40198316e-02]
 [-5.15017426e-03  7.95582682e-03 -2.27508377e-02 -2.16980604e-03]
 [ 4.24559973e-03  8.34408100e-04  2.39232508e-03 -7.98435882e-04]
 [-1.82693433e-02 -2.56208051e-02 -1.89387631e-02 -2.45438498e-02]
 [-8.77679326e-03 -5.14248461e-02  2.30998844e-02  2.81181224e-02]
 [ 6.28539035e-03 -2.09214874e-02 -1.86951235e-02  2.81345621e-02]
 [-2.40668934e-02 -1.48136867e-03  2.77936626e-02  1.78063251e-02]
 [-4.29910533e-02  4.98052798e-02  8.71475087e-04  5.00536058e-03]
 [-1.19161941e-02 -4.18994250e-03 -1.66935883e-02 -1.31127741e-02]
 [-4.25992608e-02 -1.20902598e-01  5.71448938e-04 -1.10031322e-01]
 [ 1.08210314e-02  3.40270950e-03 -3.45407054e-03 -6.48734206e-03]
 [ 1.14446541e-03  2.49495320e-02  3.83206867e-02  1.57214310e-02]
 [ 2.71675233e-02 -2.57580224e-02 -6.19067065e-03 -2.10816376e-02]
 [-4.01588008e-02 -1.56334843e-02 -2.91215554e-02 -5.84067404e-03]
 [-2.80416142e-02 -2.34896876e-02 -4.57458384e-02 -6.35454617e-03]
 [-6.84499554e-03  1.36925085e-02 -1.32644251e-01  1.00778202e-02]
 [-4.15255874e-02  2.98177972e-02 -3.48599367e-02  9.30584781e-03]
 [ 2.09970418e-02  3.42845730e-02 -6.11271858e-02 -4.69273515e-02]
 [ 8.72568600e-03 -4.92377393e-03  1.08057633e-02  5.90813346e-03]
 [ 2.78697889e-02  5.02599403e-03  3.53049301e-02 -2.13675033e-02]
 [-8.99564847e-02  2.60451622e-03 -5.34079894e-02 -1.06109016e-01]
 [-3.78938466e-02 -3.82067151e-02  1.22505613e-02  1.44488225e-02]
 [-4.96151559e-02  2.93275006e-02 -1.50488075e-02  1.26068946e-02]
 [-1.74851760e-01  5.70157543e-02 -1.95084780e-01  5.07251434e-02]
 [-1.52345952e-02  9.10038408e-03  9.97677352e-03 -9.59837995e-03]
 [-3.54249626e-02  1.76677555e-02 -9.15871467e-03 -9.07364674e-03]
 [ 9.66565043e-04 -6.53970689e-02 -4.91676219e-02 -1.66168679e-02]
 [-5.87627813e-02  1.32553428e-02  1.68952458e-02 -1.79417338e-02]
 [ 4.41100597e-02 -6.89453632e-03  1.47850281e-02  1.44483233e-02]
 [ 1.52340066e-03  1.59750530e-03 -3.80416512e-02 -5.17936684e-02]
 [-4.26592045e-02 -5.02271056e-02 -1.13519348e-01 -5.54281883e-02]
 [ 2.60239094e-02  9.38752294e-02 -9.87724811e-02  8.42487738e-02]
 [ 1.12382080e-02 -3.30473110e-03 -1.53776789e-02  2.69516706e-02]
 [-5.86212985e-02  1.55102005e-02  1.83197614e-02  1.99872199e-02]
 [ 1.03946757e-02  7.85088167e-04 -3.18168141e-02  7.13031590e-02]
 [ 2.18411982e-02 -3.98612991e-02 -5.29970489e-02 -3.37289646e-02]
 [ 1.58651592e-03  5.97477816e-02  5.47300000e-03  2.17762068e-02]
 [ 6.85335603e-03  1.64192263e-02  1.94366444e-02  1.35880560e-02]
 [-8.62250943e-03  1.37191387e-02  7.18706846e-03 -9.55683272e-03]
 [-1.48933241e-02 -1.21482145e-02 -7.44552445e-03  5.23698423e-03]
 [-6.71369582e-02 -4.86585945e-02  4.70927916e-02  3.05979466e-03]
 [-7.26234866e-03  1.32484676e-03  2.54361914e-03  1.10229924e-02]
 [-4.35081348e-02 -4.05391343e-02  2.41276547e-02 -2.89756469e-02]
 [ 6.61714599e-02  1.12366611e-02  1.11341951e-02  2.69156042e-02]
 [-1.43175796e-02 -2.65822839e-03  1.40333474e-02 -8.43216106e-03]
 [-5.61403483e-02 -3.62724736e-02  1.18268421e-02 -1.13915941e-02]
 [-1.08390236e-02 -2.47446336e-02 -1.33147491e-02  3.87104880e-03]
 [-5.60096987e-02  2.98564229e-02 -7.35002011e-03 -1.17152512e-01]
 [ 7.57472543e-03  8.58087614e-02  1.61834620e-02  6.00847341e-02]
 [ 8.57318006e-03 -1.54486923e-02  2.05852045e-03  7.49475975e-03]
 [-4.95499708e-02 -1.75759085e-02 -1.15918657e-02 -2.22751740e-02]
 [-5.26190400e-02  1.26488972e-02 -2.36010924e-02  6.03605295e-03]
 [-2.54532360e-02 -1.10065557e-04  3.94384231e-04  7.96551351e-03]
 [-3.20178904e-02 -2.11550314e-02 -8.29281658e-02 -1.06236134e-02]
 [-5.99423563e-03  8.85810144e-03  2.56026126e-02  1.06107080e-02]
 [-8.14948380e-02  2.04877462e-02 -2.02468336e-02 -1.57516543e-02]
 [-2.22319365e-02 -2.52645873e-02 -4.63918298e-02 -3.51709314e-02]
 [-2.66578570e-02 -4.96943817e-02 -3.50833461e-02 -1.53116193e-02]
 [-9.26562119e-03  7.02427514e-03 -5.16447350e-02 -1.34502063e-02]
 [-3.44656259e-02 -6.39669150e-02  1.17278127e-02 -5.53767476e-03]
 [-5.46265952e-02  1.73120704e-02 -2.33161189e-02 -2.79462822e-02]
 [ 1.33352401e-02 -5.24339033e-03  2.65421253e-03 -1.20543679e-02]
 [ 5.49603533e-03 -1.11593201e-03  2.85914075e-02 -2.51737540e-03]
 [ 1.24364132e-02  4.61598970e-02 -1.03655492e-03 -1.10618556e-02]
 [ 3.07103083e-03  5.76779712e-03  2.29928028e-02  6.44675363e-03]
 [-6.13479223e-03 -4.83180918e-02 -7.43627325e-02  2.11057495e-02]
 [ 9.33020376e-03 -4.26165499e-02  1.53054502e-02  2.77444143e-02]
 [ 2.96381265e-02 -1.38576357e-02 -6.83451630e-03 -1.10634435e-02]
 [-4.30052131e-02 -3.86519246e-02 -1.79725233e-02  1.47453370e-02]
 [-3.46033042e-03 -1.84464324e-02 -2.01976951e-02 -1.17970472e-02]
 [ 2.71125641e-02  8.92626271e-02  9.52046551e-03  1.60953850e-02]
 [-1.62008610e-02  2.29083281e-03  2.14609001e-02  3.12376022e-02]
 [-5.23786582e-02  3.24150994e-02 -2.83230171e-02 -2.75756605e-02]
 [-5.50552122e-02 -4.43439074e-02 -3.95721570e-03  8.06689039e-02]
 [ 3.73104438e-02  6.53301086e-03 -5.15559837e-02 -2.33201962e-02]
 [-2.56381254e-03 -3.10055949e-02 -7.96761550e-03  1.11397300e-02]
 [-1.55653730e-02 -8.79633334e-03  3.03189903e-02  4.94356379e-02]
 [-1.78005844e-02  1.11251846e-02  1.07886763e-02 -8.26815702e-03]
 [-2.57639438e-02  5.19473432e-03  2.14043967e-02  7.85911735e-03]
 [-2.43320782e-03 -2.43362645e-03 -3.29014403e-03  2.23567383e-03]
 [ 5.93357859e-03  1.91741937e-03 -3.82567421e-02 -3.38757895e-02]
 [-2.91040484e-02 -7.19251558e-02  4.78730500e-02 -1.18744634e-02]
 [ 1.00937849e-02 -1.63867045e-02 -2.39350405e-02 -2.80360449e-02]
 [ 1.82350241e-02 -1.54573005e-02  2.79653743e-02 -1.53260110e-02]
 [-7.42433779e-03 -5.23592439e-03 -1.91219319e-02 -9.25080292e-03]
 [-1.62339862e-02 -4.31070803e-03 -1.74384639e-02  1.80517305e-02]
 [-1.50994621e-02 -1.89454313e-02 -7.69964280e-03 -1.71337894e-03]
 [ 1.18318573e-02 -1.08474549e-02 -2.55114008e-02 -1.77896954e-02]
 [-3.60384653e-03  1.43954614e-02  2.74520535e-02 -2.76422203e-01]
 [ 3.32666971e-02 -1.22816050e-02 -2.46789306e-02  1.13182294e-03]
 [ 2.77191941e-02 -1.07440995e-02  2.09177770e-02  7.07140798e-03]
 [ 3.88081791e-03 -1.67662706e-02  2.26766430e-02 -3.97623377e-03]
 [ 7.47798767e-04  1.59529410e-02 -1.46139199e-02 -2.28604869e-04]
 [ 2.81155370e-02  5.84964864e-02 -6.23307042e-02 -6.87318742e-02]
 [-5.67959016e-03 -1.34153320e-02  1.18248826e-02 -1.59442630e-02]
 [ 3.87301727e-04 -5.78738691e-04 -4.40659281e-03  5.84311492e-04]
 [ 4.01199469e-03  2.96903774e-02 -1.58236753e-02 -1.77730136e-02]
 [-1.60054378e-02 -3.50384996e-03 -1.88238174e-02 -1.41916033e-02]
 [-9.34890583e-02  2.31590904e-02 -2.17254050e-02 -4.55705598e-02]
 [ 4.63187834e-03 -1.27196889e-02 -1.51096592e-02 -4.04321067e-02]
 [-4.90926392e-02  7.07736611e-02  4.37990762e-02 -7.12847635e-02]
 [-3.00172400e-02  3.79684614e-03  2.78469101e-02  5.34091564e-03]
 [-5.21711148e-02 -1.86324045e-02 -2.76965033e-02 -3.55517045e-02]
 [ 1.54324258e-02 -6.61527971e-03  2.26949286e-02 -1.51693996e-03]
 [-1.61825754e-02 -5.75927570e-02 -5.28452396e-02  6.44088117e-03]
 [ 1.34008350e-02  3.50534823e-03 -4.93537560e-02 -2.39432435e-02]
 [-5.77838607e-02  9.31841210e-02 -5.00532538e-02  7.97921568e-02]
 [-4.71361838e-02  9.79114845e-02 -4.96869713e-01  1.05489559e-01]
 [-2.58614749e-01 -4.15760949e-02 -3.77506427e-02 -5.69471382e-02]
 [-2.43614102e-03 -2.89315898e-02  1.01121729e-02  1.07465712e-02]
 [-9.29341931e-03 -1.09774126e-02 -1.71081666e-02 -4.10296917e-02]
 [-1.79555994e-02  5.44364937e-02  2.35430282e-02  3.07206996e-02]
 [ 3.48179415e-03  4.69021266e-03 -1.39997406e-02  1.23036681e-02]
 [ 2.80162748e-02  6.06004032e-04  2.26168055e-02  1.50058037e-02]
 [-9.92924348e-03 -1.03921141e-03 -1.59081537e-02 -1.58278532e-02]
 [-4.29377076e-04  8.37931992e-04 -1.90607365e-02 -1.36910863e-02]
 [ 3.63154039e-02  6.50407374e-02  1.73742939e-02  5.06422333e-02]
 [-4.32400815e-02  4.69369292e-02 -6.40930012e-02  1.14023061e-02]
 [ 8.18361249e-03 -5.45525923e-02 -6.15477040e-02  7.65749393e-03]
 [-2.04075780e-02 -1.30180502e-02 -3.14165950e-02 -7.30117643e-03]
 [-5.73179163e-02  4.58644703e-02 -8.31137504e-03 -2.85681821e-02]
 [ 1.58975031e-02 -4.64177206e-02 -6.49673641e-02 -3.52389775e-02]
 [ 7.71394093e-03  3.12740058e-02  1.73500776e-02  4.98715602e-03]
 [-6.44811615e-03  1.60815511e-02 -5.43459244e-02  7.10468832e-03]
 [ 3.61237563e-02  1.59880668e-02  4.08900976e-02 -6.60345377e-03]
 [-2.28614472e-02 -8.83765239e-03  4.72142361e-03  1.15094157e-02]]


Variable:  YVarTypeFC/bias:0
Shape:  (4,)
[-2.7339923   0.6945278  -1.2619613   0.31670365]


Variable:  YIndelLengthFC/kernel:0
Shape:  (168, 6)
[[-0.04274071 -0.02179925 -0.01699756 -0.02220794 -0.00946467 -0.02435422]
 [ 0.00650406  0.00209152  0.01627949 -0.00830973  0.02774086  0.01177756]
 [ 0.03045242  0.02050235  0.01623396 -0.00139109 -0.01116831  0.02139932]
 ...
 [ 0.01142778 -0.00502519  0.01683662 -0.01022035 -0.02674706  0.0057458 ]
 [-0.02137475  0.02034862 -0.0034116  -0.01403577 -0.00716993 -0.00426291]
 [ 0.0278305   0.02393906  0.01947426  0.04837881  0.0274761   0.05952882]]


Variable:  YIndelLengthFC/bias:0
Shape:  (6,)
[ 0.32910118 -0.5239291  -0.68209404 -1.5544106  -1.0828052  -0.76845133]
