-1.563660049438476562e+01
-1.464680790901184082e+00
-1.366778612136840820e+00
-1.514534115791320801e+00
-1.399666118621826172e+01
-1.371834468841552734e+01
-2.474918365478515625e+00
-2.560392618179321289e+00
-4.111256599426269531e+00
-1.304343700408935547e+00
-1.588714480400085449e+00
-1.334516716003417969e+01
-1.418896865844726562e+01
-3.384854078292846680e+00
-1.334782600402832031e+01
-1.337031364440917969e+01
-2.630687952041625977e+00
-1.770422697067260742e+00
-1.318207740783691406e+01
-2.417710542678833008e+00
-1.459307003021240234e+01
-1.644265747070312500e+01
-1.471433162689208984e+00
-4.325338006019592285e-01
-1.348961830139160156e+01
-1.436057186126708984e+01
-1.268799901008605957e+00
-1.356465148925781250e+01
-1.274411797523498535e+00
-1.247994136810302734e+01
-3.247755289077758789e+00
-1.487286090850830078e+01
-3.967784643173217773e+00
-1.204765200614929199e+00
-1.610497283935546875e+01
-1.348801136016845703e+01
-2.800241410732269287e-01
-1.401434421539306641e+01
-1.302897548675537109e+01
-2.640828132629394531e+00
-1.624510765075683594e+01
-1.597160458564758301e+00
-1.253382682800292969e+01
-2.346212387084960938e+00
-2.755006074905395508e+00
-1.748097991943359375e+01
-1.341715812683105469e+01
-1.084204792976379395e+00
-2.932258367538452148e+00
-6.661326885223388672e-01
-3.321421146392822266e+00
-1.441520333290100098e+00
-1.702827262878417969e+01
-8.806245326995849609e-01
-5.302206516265869141e+00
-1.417409706115722656e+01
-6.461227536201477051e-01
-1.417740345001220703e+01
-1.476678752899169922e+01
-3.413742303848266602e+00
-7.234373092651367188e-01
-1.363027000427246094e+01
-1.338957977294921875e+01
-3.658094167709350586e+00
-1.483330249786376953e+00
-1.743012428283691406e+00
-1.415931606292724609e+01
-1.381448841094970703e+01
-2.352810382843017578e+00
-1.362449169158935547e+01
-1.013244390487670898e+00
-2.767180919647216797e+00
-1.492662334442138672e+01
-1.426387786865234375e+00
-2.754804611206054688e+00
-6.008341908454895020e-01
-1.193576526641845703e+01
-1.236038875579833984e+01
-2.736870527267456055e+00
-1.595065689086914062e+01
-2.875492811203002930e+00
-6.001809239387512207e-01
-1.395276165008544922e+01
-9.488652944564819336e-01
-1.333264923095703125e+01
-1.343200302124023438e+01
-1.228717565536499023e+00
-2.098050832748413086e+00
-1.388907432556152344e+01
-3.091829299926757812e+00
-3.106152772903442383e+00
-1.141166210174560547e+01
1.099450662732124329e-01
-1.416731476783752441e+00
-1.068515181541442871e+00
-1.286964535713195801e+00
-1.385843372344970703e+01
-1.417079734802246094e+01
-1.364973926544189453e+01
-9.863300323486328125e-01
-1.362637805938720703e+01
-1.239476490020751953e+01
-1.467371106147766113e+00
-1.392553091049194336e+00
-2.886827290058135986e-01
-1.347766017913818359e+01
-1.466781520843505859e+01
-1.450354456901550293e+00
-1.182054042816162109e+01
-1.733357429504394531e+00
-1.570426177978515625e+01
-1.444620418548583984e+01
-1.627370119094848633e+00
-1.273977875709533691e+00
-9.677775382995605469e+00
-2.075766324996948242e+00
-1.789890527725219727e+00
-1.404863262176513672e+01
-1.357115840911865234e+01
-1.667038321495056152e+00
-1.197482109069824219e+00
-1.478370761871337891e+01
-2.936412811279296875e+00
-5.748283863067626953e-01
-5.230117321014404297e+00
-1.586457490921020508e+00
-1.424895858764648438e+01
-1.135981917381286621e+00
-2.277988910675048828e+00
-6.642021536827087402e-01
-1.388124847412109375e+01
-1.258194637298583984e+01
-1.265306949615478516e+01
-1.377198791503906250e+01
-1.347331333160400391e+01
-1.613777518272399902e+00
-2.602918148040771484e-01
-1.460827827453613281e+01
-1.718215465545654297e+00
-9.436946868896484375e+00
-3.003774642944335938e+00
-1.484382057189941406e+01
-1.409473037719726562e+01
-2.978779315948486328e+00
-2.012848854064941406e+00
-1.657866096496582031e+01
-1.683137059211730957e+00
-6.819213628768920898e-01
-3.066742181777954102e+00
-2.784612417221069336e+00
-3.692237377166748047e+00
-4.751575469970703125e+00
-1.324294757843017578e+01
-1.356536674499511719e+01
-1.276837825775146484e+01
-7.299466609954833984e+00
-1.674071502685546875e+01
-1.446607875823974609e+01
-2.725897550582885742e+00
-1.363975715637207031e+01
-2.933555126190185547e+00
-9.798513054847717285e-01
-1.340554618835449219e+01
-1.129783725738525391e+01
-1.350156879425048828e+01
-1.306432342529296875e+01
-1.731804013252258301e+00
-1.387955284118652344e+01
-1.472347378730773926e+00
-1.407149314880371094e+00
-1.113527178764343262e+00
-1.342540025711059570e+00
-6.294073104858398438e+00
-1.692700982093811035e+00
-1.659909057617187500e+01
-1.650869131088256836e+00
-1.606672048568725586e+00
-1.874830126762390137e+00
-6.320075392723083496e-01
-1.022015333175659180e+00
-2.867404699325561523e+00
-1.482326698303222656e+01
-1.868037939071655273e+00
-1.271756839752197266e+01
-1.656982302665710449e+00
-1.616458415985107422e+00
-3.134863615036010742e+00
-1.568567276000976562e+00
-2.299352884292602539e+00
-1.359687328338623047e+01
-9.881678223609924316e-01
-1.345221710205078125e+01
-1.642307281494140625e+01
-1.329194831848144531e+01
-1.364447021484375000e+01
-8.338315963745117188e+00
-1.295149707794189453e+01
-1.190801978111267090e+00
-1.373788261413574219e+01
-4.091042518615722656e+00
-6.095210909843444824e-01
-1.045841026306152344e+01
-1.446863269805908203e+01
-6.277842521667480469e+00
-5.371611595153808594e+00
-1.567469000816345215e+00
-1.476880669593811035e+00
-1.397087955474853516e+01
-1.340859699249267578e+01
-1.318376255035400391e+01
-1.429966807365417480e+00
-1.296727657318115234e+00
-7.600181102752685547e-01
-2.077353239059448242e+00
-1.449499702453613281e+01
-1.329502582550048828e+00
-1.264777183532714844e+01
-3.242441892623901367e+00
-1.863818168640136719e+00
-7.916426181793212891e+00
-1.338795089721679688e+01
-1.309311866760253906e+00
-1.314950847625732422e+01
-7.012777328491210938e+00
-1.560031318664550781e+01
-3.546579122543334961e+00
-1.426473045349121094e+01
-1.031251811981201172e+01
-3.542681932449340820e+00
-4.560734748840332031e+00
-2.417181491851806641e+00
-1.425824356079101562e+01
-1.333765888214111328e+01
-5.749705791473388672e+00
-1.269507408142089844e+01
-1.447123527526855469e+01
-1.306798171997070312e+01
-8.522473573684692383e-01
-1.186983823776245117e+00
-3.165651321411132812e+00
-1.310828304290771484e+01
-1.416252231597900391e+01
-9.756898283958435059e-01
-9.894886612892150879e-01
-7.163806915283203125e+00
-1.772235631942749023e+00
-2.759885787963867188e+00
-1.377180862426757812e+01
-2.876276493072509766e+00
-3.474309206008911133e+00
-1.844902396202087402e+00
-1.935753345489501953e+00
-2.943762063980102539e+00
-1.516668415069580078e+01
-1.368748092651367188e+01
-1.448479652404785156e+01
-3.441724777221679688e+00
-2.400223731994628906e+00
-1.170706987380981445e+00
-1.280418395996093750e+00
-1.564782142639160156e+01
-1.416071891784667969e+01
-1.177144408226013184e+00
-5.417492985725402832e-01
-1.240331745147705078e+01
-2.160444021224975586e+00
-1.386810302734375000e+01
-1.491938877105712891e+01
-5.562628269195556641e+00
-1.121685624122619629e+00
-1.074298396706581116e-01
-1.668585777282714844e+00
-1.285977745056152344e+01
-1.327416610717773438e+01
-1.442460298538208008e+00
-1.339439582824707031e+01
-2.106989145278930664e+00
-1.698563575744628906e+01
-5.410841703414916992e-01
-2.718336105346679688e+00
-1.394181132316589355e+00
-1.641910552978515625e+01
-1.412654876708984375e+01
-1.484502673149108887e+00
-1.664348030090332031e+01
-1.221091985702514648e+00
-2.828044176101684570e+00
-3.161519050598144531e+00
-1.524654483795166016e+01
-1.546436882019042969e+01
-1.141421222686767578e+01
-1.308255767822265625e+01
-1.772062063217163086e+00
-8.128995895385742188e-01
-1.320787429809570312e+00
-2.728322982788085938e+00
-2.654284238815307617e+00
-1.598211669921875000e+01
-3.161069154739379883e+00
-1.465959262847900391e+01
-2.021138668060302734e+00
-1.284069919586181641e+01
-1.182403445243835449e+00
-1.333423519134521484e+01
-1.826462507247924805e+00
-1.412896156311035156e+01
-1.580767250061035156e+01
-1.393602848052978516e+01
-1.402611446380615234e+01
-1.136612296104431152e+00
-4.245018959045410156e+00
-1.742707848548889160e+00
-3.050233721733093262e-01
-3.543895244598388672e+00
-1.468772888183593750e+01
-9.452527165412902832e-01
-1.365273594856262207e+00
-1.337985992431640625e+00
-1.556365013122558594e+01
-1.361345005035400391e+01
-1.383554553985595703e+01
-1.297085642814636230e+00
-4.492175281047821045e-01
-7.105272293090820312e+00
-1.409449338912963867e+00
-1.355832099914550781e+01
-3.555556535720825195e+00
-2.862675905227661133e+00
-1.394341564178466797e+01
-9.542798042297363281e+00
-3.189783811569213867e+00
-1.865182638168334961e+00
-2.743698358535766602e+00
-1.499117612838745117e+00
-8.294302940368652344e+00
-3.001252651214599609e+00
