-2.278971433639526367e+00
-4.657991409301757812e+00
-2.223194599151611328e+00
-9.321518540382385254e-01
-9.652838110923767090e-01
-1.164394021034240723e+00
-6.968237161636352539e-01
2.119131803512573242e+00
-2.179502487182617188e+00
-1.551066994667053223e+00
-2.270347595214843750e+00
-1.041359543800354004e+00
-5.190163254737854004e-01
-2.981095552444458008e+00
-1.048478126525878906e+00
-5.807397365570068359e-01
1.019035100936889648e+00
-2.473874330520629883e+00
-3.461355447769165039e+00
-1.313702940940856934e+00
-2.423738479614257812e+00
8.504018187522888184e-01
-3.323195874691009521e-01
-1.207337617874145508e+00
8.645352363586425781e+00
-1.921369314193725586e+00
-6.782557964324951172e+00
1.550133347511291504e+00
1.107535839080810547e+00
-1.308127403259277344e+00
8.555474132299423218e-02
-2.058057308197021484e+00
