1.922964490950107574e-02
-9.153168797492980957e-01
-8.434555530548095703e-01
1.835036836564540863e-02
-9.795403108000755310e-03
-5.534117668867111206e-02
2.229233980178833008e-01
1.834604144096374512e-01
1.467126309871673584e-01
7.835750281810760498e-02
4.555092751979827881e-02
4.818869754672050476e-02
-5.856002569198608398e-01
2.302902191877365112e-01
-2.644948661327362061e-01
7.675190921872854233e-03
-3.105299174785614014e-01
-6.695404648780822754e-01
-2.047138363122940063e-01
-1.857374012470245361e-01
-3.476981073617935181e-02
-1.628249585628509521e-01
1.391584873199462891e-01
-2.026190459728240967e-01
3.900747001171112061e-02
-7.509195804595947266e-02
-2.807311117649078369e-01
9.640964269638061523e-01
-3.568226695060729980e-01
4.685828387737274170e-01
-1.370838377624750137e-02
-1.101169362664222717e-01
9.809239208698272705e-02
1.082182005047798157e-01
5.717911720275878906e-01
-3.431037068367004395e-01
-3.244979977607727051e-01
1.181666612625122070e+00
4.049679934978485107e-01
2.201634272933006287e-02
2.212852388620376587e-01
8.182959258556365967e-02
-7.183769941329956055e-01
6.845947504043579102e-01
-3.194935247302055359e-02
-5.835421085357666016e-01
1.517901718616485596e-01
-1.084408536553382874e-01
9.304790496826171875e-01
-7.210975885391235352e-01
-6.497328877449035645e-01
2.329916805028915405e-01
1.877094954252243042e-01
-2.973776161670684814e-01
6.238213181495666504e-02
3.128040134906768799e-01
2.973514795303344727e-01
1.065120398998260498e-01
3.087580502033233643e-01
-8.139545917510986328e-01
8.660705387592315674e-02
-9.864856302738189697e-02
-5.312897562980651855e-01
-7.143969535827636719e-01
-5.509174615144729614e-02
1.838693977333605289e-03
4.247301816940307617e-02
9.469404816627502441e-02
9.090300649404525757e-03
-8.741309493780136108e-02
2.269680202007293701e-01
1.926337033510208130e-01
1.245926767587661743e-01
8.664707839488983154e-02
5.500354245305061340e-02
6.382077932357788086e-02
1.062596142292022705e-01
2.132811397314071655e-01
-6.047838330268859863e-01
-1.651241444051265717e-02
-1.863713264465332031e-01
1.008610278367996216e-01
-1.409352570772171021e-01
-8.911899328231811523e-01
-1.148732677102088928e-01
-7.205833494663238525e-02
3.231094405055046082e-02
-2.250967174768447876e-01
-1.388091035187244415e-02
-7.690095901489257812e-02
-2.418646514415740967e-01
9.333727955818176270e-01
-8.565998077392578125e-01
4.009603261947631836e-01
8.706229180097579956e-02
1.239311508834362030e-02
-1.516847908496856689e-01
4.668386578559875488e-01
-4.175204932689666748e-01
-3.356244564056396484e-01
-3.559673428535461426e-01
1.171665906906127930e+00
1.173627227544784546e-01
-8.328969031572341919e-02
2.113867551088333130e-01
1.444426774978637695e-01
-9.878181815147399902e-01
6.825669407844543457e-01
-1.266407687216997147e-02
-2.457028329372406006e-01
5.368769168853759766e-01
-2.143321484327316284e-01
8.801501244306564331e-03
-8.404912054538726807e-02
6.637553572654724121e-01
9.256356358528137207e-01
-6.236734390258789062e-01
-5.401308536529541016e-01
1.603853404521942139e-01
3.358819782733917236e-01
1.053248196840286255e-01
1.483076363801956177e-01
5.138473957777023315e-02
-6.915991306304931641e-01
1.057362079620361328e+00
-2.185736447572708130e-01
-1.132476210594177246e+00
-1.151880435645580292e-02
-9.439915884286165237e-04
-6.550750695168972015e-03
-1.352190375328063965e+00
-5.210861563682556152e-01
-3.303751945495605469e-01
-9.114046394824981689e-02
2.489177882671356201e-01
1.871341615915298462e-01
-7.771794795989990234e-01
1.004564613103866577e-01
5.881715938448905945e-02
4.670513793826103210e-02
8.226806670427322388e-02
2.070900201797485352e-01
-1.074043631553649902e+00
-3.861592337489128113e-02
-1.999176144599914551e-01
-8.913636207580566406e-02
-3.286803364753723145e-01
-1.985594630241394043e-01
-3.471354022622108459e-02
-3.181695938110351562e-02
-2.837387658655643463e-02
-2.665787637233734131e-01
-3.037699759006500244e-01
-4.763560369610786438e-02
-3.754369914531707764e-01
8.646095991134643555e-01
-5.184061452746391296e-02
3.286701142787933350e-01
-8.447098731994628906e-01
8.163935691118240356e-02
-2.205570340156555176e-01
2.056649923324584961e-01
5.766370296478271484e-01
-1.149845868349075317e-01
-1.896563172340393066e-01
1.181423902511596680e+00
3.332781791687011719e-01
3.222244232892990112e-02
2.330879420042037964e-01
-5.114001035690307617e-01
-9.011376500129699707e-01
5.166538953781127930e-01
-3.022520337253808975e-03
-4.497096315026283264e-02
-7.140517830848693848e-01
-8.081009238958358765e-02
2.294968962669372559e-01
7.126314938068389893e-02
-1.000493168830871582e+00
4.117481783032417297e-02
-9.434138238430023193e-02
-5.366945862770080566e-01
3.629398047924041748e-01
3.682616055011749268e-01
-1.853811740875244141e-01
2.691164314746856689e-01
2.264570891857147217e-01
-7.010043859481811523e-01
1.803852915763854980e-01
-1.838460862636566162e-01
-5.956200361251831055e-01
1.860526949167251587e-01
-2.760353265330195427e-03
-2.961676120758056641e-01
-1.103353381156921387e+00
-2.269550114870071411e-01
-1.557908114045858383e-02
1.837462000548839569e-02
2.016913443803787231e-01
2.067301869392395020e-01
1.020143777132034302e-01
7.116835564374923706e-02
4.027558118104934692e-02
4.765236377716064453e-02
-2.700192332267761230e-01
2.039696723222732544e-01
1.694615557789802551e-02
-2.559797465801239014e-01
-2.850935161113739014e-01
-1.252151727676391602e-01
-8.471982479095458984e-01
-4.426676332950592041e-01
-3.332315012812614441e-02
-2.785328030586242676e-01
7.740572839975357056e-02
-2.076049745082855225e-01
7.635539025068283081e-02
-3.801170885562896729e-01
-4.683944880962371826e-01
9.639487266540527344e-01
-1.995199024677276611e-01
5.417886376380920410e-01
1.344859451055526733e-01
-1.014099717140197754e-01
8.459624648094177246e-02
-1.189613267779350281e-01
6.292554140090942383e-01
-2.238434851169586182e-01
-1.361340731382369995e-01
1.078064322471618652e+00
3.432244360446929932e-01
-2.449248731136322021e-02
2.666511237621307373e-01
3.666892275214195251e-02
-6.431144475936889648e-01
6.943380832672119141e-01
-4.982456937432289124e-02
-9.347185492515563965e-01
7.691244035959243774e-02
-9.785961359739303589e-02
2.830506265163421631e-01
1.409879624843597412e-01
-2.433261871337890625e-01
3.046205937862396240e-01
-2.981179058551788330e-01
5.781202912330627441e-01
1.062283813953399658e-01
4.643740952014923096e-01
1.184727437794208527e-02
4.247220754623413086e-01
4.357345700263977051e-01
-8.249250650405883789e-01
6.595234572887420654e-02
-3.644402623176574707e-01
-4.393262416124343872e-02
-5.621310696005821228e-02
