-2.169656753540039062e+00
-1.764251589775085449e+00
-2.778527498245239258e+00
-4.352378845214843750e+00
-3.896280527114868164e+00
-3.809625625610351562e+00
-2.805572986602783203e+00
-4.108055114746093750e+00
-2.842605590820312500e+00
-5.551966428756713867e-01
-3.205131769180297852e+00
-2.114827156066894531e+00
-4.291250705718994141e+00
-2.289248704910278320e+00
-3.680151462554931641e+00
-1.806709766387939453e+00
-1.254381179809570312e+00
-1.179313778877258301e+00
-1.825959801673889160e+00
-7.074820041656494141e+00
-2.467892646789550781e+00
-3.713301718235015869e-01
-1.884992957115173340e+00
-2.407774448394775391e+00
-1.745972514152526855e+00
-2.559479713439941406e+00
-1.324192762374877930e+00
-2.996594667434692383e+00
-9.438590407371520996e-01
-2.496997117996215820e+00
-3.466886997222900391e+00
-1.619436144828796387e+00
-3.374731779098510742e+00
-1.954420208930969238e+00
-2.580335855484008789e+00
-1.152005270123481750e-01
-2.055026531219482422e+00
-1.321347832679748535e+00
-2.622675895690917969e+00
-4.140826702117919922e+00
-2.552124738693237305e+00
-3.052377462387084961e+00
-4.951378345489501953e+00
-1.888226628303527832e+00
-1.783768773078918457e+00
-2.589855432510375977e+00
-3.014539957046508789e+00
-2.047075510025024414e+00
