-7.435739040374755859e+00
-1.726224327087402344e+01
-1.355397701263427734e+01
-2.201775074005126953e+00
-1.179085826873779297e+01
-6.838803768157958984e+00
-8.458882570266723633e-02
-4.653648853302001953e+00
-2.023770713806152344e+01
-8.828629255294799805e-01
-3.341991186141967773e+00
-3.253156185150146484e+00
-1.458710670471191406e+01
-1.453190994262695312e+01
-1.746822166442871094e+01
-1.801076126098632812e+01
-3.059741973876953125e+00
-9.380488395690917969e+00
-1.844790458679199219e+01
-4.828443527221679688e+00
-1.419165420532226562e+01
-1.564610576629638672e+01
-1.834644508361816406e+01
-1.799767303466796875e+01
-6.513211250305175781e+00
-1.466210365295410156e+01
-8.572211265563964844e+00
-1.897087335586547852e+00
-6.258171558380126953e+00
-1.335184097290039062e+01
-9.056375503540039062e+00
-1.535730171203613281e+01
-3.798947811126708984e+00
-1.550360870361328125e+01
-1.227762699127197266e+01
-1.153494739532470703e+01
-1.963696289062500000e+01
-1.796428680419921875e+01
-8.187956809997558594e+00
-1.364114189147949219e+01
-1.595697879791259766e+01
-1.716578292846679688e+01
-3.947288751602172852e+00
-1.038460254669189453e+01
-1.711824226379394531e+01
-3.260426521301269531e+00
-1.246176910400390625e+01
-2.006211853027343750e+01
-1.089756298065185547e+01
-1.174687671661376953e+01
-1.730742073059082031e+01
-1.575912475585937500e+01
-1.873721885681152344e+01
-4.300413131713867188e+00
-5.992457389831542969e+00
-1.783666610717773438e+01
-1.782636260986328125e+01
-1.992907762527465820e+00
-1.504043388366699219e+01
4.769970178604125977e-01
-1.375781917572021484e+01
-1.440696620941162109e+01
-8.477044105529785156e+00
-4.083201408386230469e+00
-1.749748420715332031e+01
-2.132785797119140625e+00
-4.566756248474121094e+00
-3.320234775543212891e+00
3.654242753982543945e-01
-9.128464698791503906e+00
-1.939490127563476562e+01
-4.326498985290527344e+00
-5.383331298828125000e+00
-1.757388234138488770e+00
-1.822595405578613281e+01
-1.701969742774963379e+00
-1.418669509887695312e+01
4.316285133361816406e+00
-4.241016387939453125e+00
-3.440350294113159180e-01
-1.730804824829101562e+01
-1.283428192138671875e+01
-5.618021011352539062e+00
-2.014899063110351562e+01
-6.265704631805419922e+00
4.940433427691459656e-02
-1.839140319824218750e+01
-2.415394544601440430e+00
-1.411756134033203125e+01
-1.329705905914306641e+01
-3.066717147827148438e+00
-7.155502796173095703e+00
-1.308461666107177734e+00
-1.902409744262695312e+01
-1.458595561981201172e+01
-9.699540138244628906e+00
-8.153542876243591309e-01
-1.007950401306152344e+01
-5.516141414642333984e+00
-4.693255901336669922e+00
-1.730342292785644531e+01
-6.446534991264343262e-01
-2.434801101684570312e+00
-1.406250667572021484e+01
-1.827601623535156250e+01
-1.938547611236572266e+00
-4.693787992000579834e-01
2.640442550182342529e-01
-1.244503402709960938e+01
-1.294575977325439453e+01
-1.154942607879638672e+01
-1.406783294677734375e+01
-5.083413124084472656e+00
-1.760010910034179688e+01
-1.218248462677001953e+01
-5.374470233917236328e+00
-8.089795112609863281e+00
-5.795795440673828125e+00
-7.286651134490966797e+00
-1.749476051330566406e+01
-8.583157062530517578e-01
-1.937741470336914062e+01
-1.974125862121582031e+01
-2.433061361312866211e+00
-1.960206794738769531e+01
-1.626745986938476562e+01
-1.080241870880126953e+01
-2.116248703002929688e+01
-1.432041835784912109e+01
-1.653874397277832031e+01
-8.092317581176757812e-01
-1.653318595886230469e+01
-1.626687049865722656e+01
-7.611182212829589844e+00
-1.589049434661865234e+01
-3.070737123489379883e+00
-2.075475692749023438e+01
-2.031027603149414062e+01
-1.146885776519775391e+01
-1.468814373016357422e+01
-1.488647365570068359e+01
-1.309142112731933594e+01
-3.601877927780151367e+00
-1.242391586303710938e+00
-1.537595629692077637e+00
-1.952432632446289062e+01
-3.948212623596191406e+00
-1.437185096740722656e+01
-2.468243360519409180e+00
-3.212436676025390625e+00
-3.637820959091186523e+00
-1.104063224792480469e+01
-1.732276725769042969e+01
-4.786433219909667969e+00
-1.692740821838378906e+01
-2.054000854492187500e+01
-1.440834808349609375e+01
-2.026558685302734375e+01
-2.561120271682739258e+00
-2.558165550231933594e+00
-1.492841148376464844e+01
-2.781311988830566406e+00
-1.011563968658447266e+01
1.135542988777160645e+00
-9.446042776107788086e-01
-1.866088294982910156e+01
-1.888212013244628906e+01
-2.958498239517211914e+00
