7.462656125426292419e-03
1.167439483106136322e-02
6.394776981323957443e-03
-3.502540756016969681e-03
-8.583196997642517090e-02
-8.473459631204605103e-02
9.926601499319076538e-02
-8.277910202741622925e-02
-9.465006738901138306e-02
-1.013002991676330566e-01
-9.118962287902832031e-02
1.054117307066917419e-01
-3.083125129342079163e-02
-4.150537773966789246e-02
-4.598838090896606445e-02
3.902900218963623047e-02
6.429612170904874802e-03
4.786430858075618744e-03
1.360090915113687515e-02
4.382203333079814911e-03
2.039812039583921432e-03
3.201162675395607948e-03
8.054872043430805206e-03
6.120683974586427212e-04
-2.946182340383529663e-02
2.461403422057628632e-02
-2.577009238302707672e-02
-1.586469821631908417e-02
2.817522035911679268e-04
7.994658662937581539e-04
-1.024034805595874786e-03
-4.150511522311717272e-04
-1.534868311136960983e-02
-1.860204711556434631e-02
1.777546666562557220e-02
-2.115032449364662170e-02
-5.134329199790954590e-02
-3.424838650971651077e-04
-2.857660583686083555e-04
3.708395524881780148e-04
-9.649201482534408569e-02
-1.199702695012092590e-01
1.188456863164901733e-01
-9.824712574481964111e-02
-3.655110253021121025e-03
1.341817551292479038e-03
5.134883685968816280e-04
1.184633234515786171e-03
-6.112734321504831314e-03
-4.607882350683212280e-03
-3.249584697186946869e-03
6.253363098949193954e-03
-3.591630607843399048e-02
-5.391916632652282715e-02
-2.352196350693702698e-02
5.878385901451110840e-02
-1.477475510910153389e-03
-7.884515449404716492e-03
8.195799775421619415e-03
3.884526449837721884e-05
-1.469822227954864502e-02
-1.263650134205818176e-02
-2.357476623728871346e-03
4.833667539060115814e-03
5.814450560137629509e-06
1.101749439840205014e-04
-9.127406775951385498e-02
3.014000321854837239e-05
-1.060531437397003174e-01
-1.302969455718994141e-01
1.455774456262588501e-01
-1.097086742520332336e-01
6.937073543667793274e-03
1.190205384045839310e-02
1.004939153790473938e-02
-5.187043454498052597e-03
-2.499001100659370422e-02
2.599138393998146057e-02
-2.569546923041343689e-02
-2.823405154049396515e-02
7.158288732171058655e-03
1.067378185689449310e-02
3.961956128478050232e-03
5.198345053941011429e-03
1.243570595979690552e-01
1.643798351287841797e-01
1.155315786600112915e-01
1.121309921145439148e-01
2.025444991886615753e-02
-1.784859038889408112e-02
-2.151234820485115051e-02
-1.546684931963682175e-02
4.592907149344682693e-03
-2.350587397813796997e-03
-4.484322387725114822e-03
4.027871880680322647e-03
4.619142506271600723e-03
-1.209208834916353226e-02
1.426105387508869171e-03
-4.501916468143463135e-03
-1.867099432274699211e-03
2.041956642642617226e-03
2.915919991210103035e-03
2.668002387508749962e-03
-1.766836829483509064e-02
-1.662123762071132660e-02
-1.652535982429981232e-02
2.044297941029071808e-02
-7.071934174746274948e-03
-5.111082457005977631e-03
9.783688001334667206e-03
-3.634295426309108734e-03
-3.560206294059753418e-02
-3.754471614956855774e-02
3.883924707770347595e-02
-3.462702780961990356e-02
-3.133460506796836853e-02
-4.315575584769248962e-02
-4.872083291411399841e-02
5.034155771136283875e-02
-5.714230239391326904e-03
-6.669269409030675888e-03
-1.431648503057658672e-03
-4.837958607822656631e-03
-3.136646701022982597e-03
-1.339276321232318878e-03
-5.760777858085930347e-04
-6.110978429205715656e-04
-6.182075478136539459e-03
-1.377160288393497467e-02
-1.377961598336696625e-02
-1.216379832476377487e-02
2.741437777876853943e-02
-2.850272506475448608e-02
-2.533501945436000824e-02
-2.758271619677543640e-02
8.432897925376892090e-02
9.891530871391296387e-02
1.823287755250930786e-01
9.186084568500518799e-02
-1.531126326881349087e-03
-1.076875720173120499e-02
9.727028082124888897e-04
6.574478466063737869e-03
3.766601439565420151e-04
-4.721231758594512939e-02
5.284017533995211124e-04
-5.043082637712359428e-05
-1.624218653887510300e-03
8.545669843442738056e-04
4.504384007304906845e-03
-6.765918806195259094e-03
5.933029460720717907e-04
-5.477083614096045494e-04
-4.729522857815027237e-03
2.753307577222585678e-03
4.499779897741973400e-04
6.188839906826615334e-04
-3.713406476890668273e-05
-4.050857678521424532e-04
1.263531148433685303e-01
2.222063243389129639e-01
1.751147508621215820e-01
1.690574735403060913e-01
-5.545703694224357605e-02
-5.523888766765594482e-02
5.053165182471275330e-02
-4.645846411585807800e-02
3.203127533197402954e-03
5.627796053886413574e-03
9.135210420936346054e-04
-5.410840734839439392e-03
-4.860268745687790215e-05
-1.691293582553043962e-04
-3.804033622145652771e-04
3.747710725292563438e-04
-7.954283617436885834e-03
-5.316274473443627357e-04
3.752888413146138191e-03
1.621983683435246348e-04
2.177474349737167358e-01
1.986506432294845581e-01
2.203651070594787598e-01
1.528200209140777588e-01
6.096124276518821716e-02
-2.048542350530624390e-02
-3.465718775987625122e-02
-5.755626037716865540e-02
-1.835694536566734314e-03
-9.846808016300201416e-02
1.465837820433080196e-03
3.928475081920623779e-03
-2.979460114147514105e-04
-1.603099144995212555e-02
-4.444418940693140030e-03
-5.758000072091817856e-03
2.421863900963217020e-04
-7.437034696340560913e-02
-1.341905153822153807e-04
-2.787932462524622679e-04
6.330498727038502693e-04
-9.780272375792264938e-05
-9.256063494831323624e-04
-5.720302578993141651e-05
-5.278836004436016083e-03
-1.871353015303611755e-03
-6.562255322933197021e-03
3.703852882608771324e-03
1.452377289533615112e-01
1.235891953110694885e-01
2.276431918144226074e-01
1.163605302572250366e-01
-3.270455927122384310e-04
2.697118179639801383e-05
-7.924479246139526367e-02
-2.619897350086830556e-05
7.765043526887893677e-03
-5.393746308982372284e-03
-4.532763268798589706e-03
5.371866282075643539e-03
-1.571617554873228073e-03
-4.182228876743465662e-04
1.009651459753513336e-02
-8.508563041687011719e-03
7.071691565215587616e-03
6.515407003462314606e-03
7.916019298136234283e-03
8.267435245215892792e-03
-1.633654814213514328e-03
6.009006174281239510e-04
-3.375485306605696678e-03
2.008401788771152496e-03
-1.373798213899135590e-02
-6.354742683470249176e-03
3.083003684878349304e-03
-1.023368560709059238e-03
7.197167258709669113e-03
-1.868467964231967926e-02
-2.287226542830467224e-02
1.752024888992309570e-02
-9.994753636419773102e-03
1.132553536444902420e-02
1.539805810898542404e-02
-1.104815024882555008e-02
8.045720867812633514e-03
2.857818035408854485e-04
3.517821023706346750e-04
3.400588408112525940e-03
-1.240061246789991856e-03
4.036944359540939331e-03
4.900371190160512924e-03
4.819741472601890564e-03
2.168863546103239059e-03
-2.269245305797085166e-04
-1.331779640167951584e-03
2.392843831330537796e-03
-6.724426150321960449e-02
-6.061140447854995728e-02
-6.204952299594879150e-02
7.274877279996871948e-02
2.538488060235977173e-02
-2.561298198997974396e-02
-2.059323340654373169e-02
-2.559712342917919159e-02
1.607617130503058434e-03
1.928645069710910320e-04
1.078552380204200745e-02
-6.986348424106836319e-03
-1.709328149445354939e-03
-7.331658271141350269e-04
8.079834515228867531e-04
1.802344457246363163e-03
-2.780497306957840919e-04
1.093464234145358205e-04
-5.464317649602890015e-02
-2.161239535780623555e-06
7.231164490804076195e-04
1.929926103912293911e-03
-9.124393109232187271e-04
3.082300769165158272e-03
8.217768045142292976e-04
1.102309557609260082e-03
-3.894801065325737000e-02
-8.670599781908094883e-04
-2.382090128958225250e-02
-3.477337304502725601e-04
2.615683479234576225e-04
1.013021450489759445e-03
6.271501071751117706e-03
1.312162633985280991e-02
4.201013594865798950e-03
-2.596821635961532593e-03
-3.808293491601943970e-02
-4.285295680165290833e-02
4.285207018256187439e-02
-3.764846548438072205e-02
-7.458434556610882282e-04
-4.255726002156734467e-03
-2.154445275664329529e-03
1.763245527399703860e-04
-6.043251603841781616e-03
-5.028393585234880447e-03
2.196196466684341431e-03
4.450320731848478317e-03
-1.204299158416688442e-03
-2.533277729526162148e-04
-2.328034723177552223e-03
-1.174716817331500351e-04
-2.709907013922929764e-03
4.387456458061933517e-03
-7.588906679302453995e-03
8.761369623243808746e-03
-2.785591036081314087e-02
1.250489731319248676e-05
-9.296352509409189224e-04
-3.075022250413894653e-02
6.271062791347503662e-02
5.722496658563613892e-02
1.067594811320304871e-01
9.132251888513565063e-02
5.063723656348884106e-04
-2.294702269136905670e-02
-3.147657588124275208e-02
4.796872963197529316e-05
-4.508022218942642212e-02
1.819696044549345970e-04
6.851140642538666725e-04
-3.475311677902936935e-04
-4.749941639602184296e-03
5.981057882308959961e-03
-7.699053268879652023e-03
-4.498818423599004745e-03
1.228218461619690061e-04
-8.838414214551448822e-05
-6.923610717058181763e-02
1.040917268255725503e-04
-1.145173591794446111e-04
3.116432111710309982e-03
9.168934077024459839e-03
2.478319220244884491e-02
4.642389714717864990e-03
7.372001651674509048e-03
7.248232141137123108e-03
1.685465453192591667e-03
1.443341141566634178e-03
2.108785411110147834e-04
-5.120499804615974426e-02
-4.542415845207870007e-04
-2.118998393416404724e-02
-1.725277677178382874e-02
2.300236560404300690e-02
-2.067342959344387054e-02
-2.410159911960363388e-03
1.625064574182033539e-02
9.834031574428081512e-03
4.046051297336816788e-03
2.554304955992847681e-05
8.058251114562153816e-05
-4.276394844055175781e-02
-3.444880247116088867e-02
-2.649984136223793030e-02
-2.925116568803787231e-02
-2.021911554038524628e-02
2.634614892303943634e-02
6.221392657607793808e-03
1.595641137100756168e-03
-6.044825073331594467e-03
6.875145714730024338e-03
-1.104932016460224986e-05
-2.019300125539302826e-03
1.572262262925505638e-03
2.103569684550166130e-03
-2.744309836998581886e-03
-2.398785902187228203e-03
-3.393923165276646614e-03
3.132053883746266365e-03
-2.469504065811634064e-02
5.067075835540890694e-05
6.663069507339969277e-05
-9.591368143446743488e-05
9.103696793317794800e-02
-7.063262909650802612e-02
-7.512173056602478027e-02
-9.081956744194030762e-02
3.797469660639762878e-03
4.630727693438529968e-03
2.303137909621000290e-03
-1.485198619775474072e-03
3.033388638868927956e-03
3.118964843451976776e-03
4.560563713312149048e-03
5.823206156492233276e-03
8.882260881364345551e-03
6.263322196900844574e-03
1.306448318064212799e-02
-2.306271344423294067e-03
1.143591129221022129e-03
-2.272740937769412994e-03
1.973752165213227272e-03
-2.148335054516792297e-02
2.870677970349788666e-03
-9.208019822835922241e-03
6.818509660661220551e-03
-1.730224117636680603e-03
-3.856041003018617630e-04
-1.211103866808116436e-03
3.021992743015289307e-04
7.875089067965745926e-04
-1.412811543559655547e-04
-9.014651924371719360e-02
3.782508429139852524e-04
4.889828851446509361e-04
-5.946632102131843567e-02
-2.836752682924270630e-04
-6.725437706336379051e-04
5.117944092489778996e-04
-5.237998906522989273e-03
4.337246529757976532e-03
1.327300094999372959e-03
-2.310741692781448364e-03
2.486870624125003815e-03
-1.344860717654228210e-02
-2.162023913115262985e-03
-4.699099343270063400e-03
-9.223475120961666107e-03
1.116420421749353409e-02
-1.066661160439252853e-02
5.579152610152959824e-03
9.455225616693496704e-02
-7.783330231904983521e-02
-9.002401679754257202e-02
-8.381619304418563843e-02
-1.772196847014129162e-04
-7.415131200104951859e-03
-6.636578124016523361e-03
-5.879368633031845093e-03
4.571080952882766724e-02
-3.807450458407402039e-02
-3.785238787531852722e-02
-3.847423940896987915e-02
6.242203526198863983e-03
1.062298775650560856e-03
2.195221371948719025e-02
-4.827746888622641563e-04
5.392818246036767960e-03
-3.584599122405052185e-03
-3.568034386262297630e-03
9.632745757699012756e-03
-2.623149380087852478e-02
3.268398717045783997e-02
-2.835305780172348022e-02
-2.836657129228115082e-02
4.345429688692092896e-02
-4.427586123347282410e-02
-4.302171245217323303e-02
-4.166614636778831482e-02
-4.760371521115303040e-03
-2.057235874235630035e-02
-1.293205935508012772e-02
-1.567101664841175079e-02
4.647257272154092789e-03
-2.504205913282930851e-04
-8.460394106805324554e-03
-9.526837384328246117e-04
-4.471912607550621033e-02
3.742077574133872986e-02
-3.761211037635803223e-02
-3.211227804422378540e-02
5.080067552626132965e-03
4.552614409476518631e-03
2.215949352830648422e-04
4.327289294451475143e-03
1.642179558984935284e-03
-2.679653698578476906e-04
-2.263532718643546104e-03
-1.621421542949974537e-03
-1.052419692277908325e-01
1.254985332489013672e-01
-9.881739318370819092e-02
-1.002158373594284058e-01
9.354161471128463745e-02
-7.282591611146926880e-02
-8.613795787096023560e-02
-8.531782031059265137e-02
2.139980904757976532e-03
-2.020646119490265846e-03
2.502801828086376190e-03
6.737819407135248184e-03
-3.161059430567547679e-05
-5.963729694485664368e-02
-1.112739846576005220e-04
-4.203744174446910620e-04
-2.389771543676033616e-05
-4.216334223747253418e-02
2.007955481531098485e-04
5.655506538460031152e-05
-4.412375763058662415e-02
-5.851234868168830872e-02
-4.108694702154025435e-05
-2.333108277525752783e-04
-1.188144669868052006e-03
-3.416968975216150284e-04
3.579673648346215487e-04
-7.487475522793829441e-04
-1.033746288157999516e-03
-1.052979193627834320e-02
-4.859238979406654835e-04
-1.334927231073379517e-02
-1.961418241262435913e-02
-8.335498161613941193e-03
-1.387666817754507065e-02
1.521081477403640747e-02
-1.998630177695304155e-04
-7.403065683320164680e-05
-4.119087680010125041e-05
2.345618122490122914e-05
-2.262352220714092255e-02
-2.400340884923934937e-02
-2.335910126566886902e-02
2.699287049472332001e-02
-6.955779623240232468e-03
6.272602360695600510e-03
-1.130789890885353088e-02
4.241249989718198776e-03
-8.990255184471607208e-03
8.346914546564221382e-04
-2.415078226476907730e-03
-3.547059604898095131e-03
7.995653431862592697e-04
5.100272130221128464e-03
-2.083010505884885788e-03
6.227163132280111313e-03
-1.266948413103818893e-03
-8.188904263079166412e-03
1.998178428038954735e-03
1.848879386670887470e-03
-1.476276759058237076e-02
-2.030335133895277977e-03
-2.258839458227157593e-02
-3.947383537888526917e-02
1.389360695611685514e-04
-1.763767068041488528e-04
-4.262234643101692200e-02
-3.294212743639945984e-02
-8.182430610759183764e-05
4.591981269186362624e-05
3.132444340735673904e-03
-2.725347643718123436e-03
7.992413593456149101e-04
-6.007826887071132660e-03
2.246903750346973538e-04
-4.785763099789619446e-03
-1.705208048224449158e-02
2.194833196699619293e-02
2.442794293165206909e-02
-2.133799344301223755e-02
1.450148643925786018e-03
-1.087933895178139210e-03
-2.144585596397519112e-03
-8.239598246291279793e-04
-1.197543833404779434e-02
-5.323483608663082123e-03
-5.286046303808689117e-03
2.554970560595393181e-03
1.147278025746345520e-02
4.830286372452974319e-03
-9.732345351949334145e-04
-1.029968913644552231e-02
2.129823260474950075e-04
1.396164181642234325e-03
1.663801842369139194e-03
2.336685918271541595e-02
-8.106545283226296306e-05
2.130346911144442856e-05
1.506206754129379988e-04
-7.373832166194915771e-02
-6.425242125988006592e-02
-2.421775570837780833e-04
-7.737384736537933350e-02
-1.055936954799108207e-04
1.160195395350456238e-01
1.642918884754180908e-01
1.062858030200004578e-01
1.244977265596389771e-01
-1.013995781540870667e-01
1.331285387277603149e-01
-1.024111583828926086e-01
-1.156787276268005371e-01
3.024748759344220161e-03
-1.035338267683982849e-03
-2.658342244103550911e-03
8.741875644773244858e-04
2.277875691652297974e-02
-5.020893178880214691e-03
1.185357663780450821e-02
-1.707325503230094910e-02
-2.074375003576278687e-02
-7.573378738015890121e-03
-1.132704038172960281e-02
-7.372425869107246399e-03
-5.818474665284156799e-02
1.225370988249778748e-01
-4.486944153904914856e-02
-3.394115716218948364e-02
1.342109753750264645e-04
-8.467553183436393738e-03
-6.760865449905395508e-03
-5.846286192536354065e-03
1.795833115465939045e-03
2.910676179453730583e-03
-2.957858960144221783e-04
7.772112265229225159e-03
-1.887539983727037907e-03
4.731149412691593170e-03
-2.993480069562792778e-03
7.046815007925033569e-03
-3.138633212074637413e-03
-7.637291215360164642e-03
5.202142521739006042e-03
-1.246656873263418674e-03
-2.573407813906669617e-02
-4.098126664757728577e-02
4.290632903575897217e-02
-3.268295526504516602e-02
7.290230691432952881e-02
9.793095290660858154e-02
1.255061179399490356e-01
5.920825153589248657e-02
-4.850552417337894440e-03
-1.310107298195362091e-03
2.152558648958802223e-03
3.754485864192247391e-03
2.099482080666348338e-04
-7.086685299873352051e-02
-3.243299579480662942e-05
-6.942286854609847069e-04
1.735851168632507324e-02
-1.034068642184138298e-03
-1.128741353750228882e-02
-2.706706989556550980e-03
6.300839686446124688e-06
1.143848290666937828e-03
-2.961056889034807682e-04
-5.506972083821892738e-04
1.737599523039534688e-04
1.341853349003940821e-04
-4.364337655715644360e-05
-3.373413532972335815e-02
6.123621016740798950e-03
2.232756000012159348e-03
7.884885184466838837e-03
-3.688327968120574951e-03
-1.993500255048274994e-02
-2.152864821255207062e-02
-6.211793422698974609e-02
-2.329237200319766998e-02
-2.032321179285645485e-03
-3.322816628497093916e-04
-3.913296852260828018e-03
1.317464839667081833e-02
-5.935885943472385406e-03
-8.106323890388011932e-03
-3.466397291049361229e-03
6.753321737051010132e-03
-1.890959974844008684e-04
-3.088749200105667114e-02
-2.900735661387443542e-02
8.989369962364435196e-04
2.623669803142547607e-03
9.314670227468013763e-03
-1.813135459087789059e-03
-3.674397012218832970e-03
-1.074655130505561829e-01
-9.656879305839538574e-02
-9.367813169956207275e-02
1.200521662831306458e-01
9.253299236297607422e-02
-7.963597029447555542e-02
-9.754023700952529907e-02
-8.296378701925277710e-02
2.681686310097575188e-04
-4.915498569607734680e-02
4.083072417415678501e-04
-4.183125868439674377e-02
-6.489858031272888184e-02
-8.070129901170730591e-02
7.923802733421325684e-02
-6.930198520421981812e-02
1.130244345404207706e-03
-2.981970086693763733e-02
-5.835112184286117554e-02
1.039054361172020435e-03
-5.055650603026151657e-03
-3.654961008578538895e-03
-2.035603858530521393e-03
-2.019480336457490921e-03
7.375144958496093750e-02
8.433780819177627563e-02
9.737990796566009521e-02
6.901232153177261353e-02
2.492651692591607571e-04
4.459042975213378668e-04
-1.730542862787842751e-05
-1.079241782426834106e-01
-9.149635210633277893e-03
1.557409297674894333e-02
-1.586473360657691956e-02
1.656367257237434387e-02
-2.917582355439662933e-02
-4.163179919123649597e-02
-2.660841122269630432e-02
3.945386037230491638e-02
1.283538440475240350e-04
-1.684355956967920065e-04
-1.380314379930496216e-01
-7.520276994910091162e-05
1.559807080775499344e-02
-1.537895854562520981e-02
-7.860990241169929504e-03
-1.662628725171089172e-02
-8.322088397108018398e-04
5.113986844662576914e-05
1.035858294926583767e-04
-7.105926633812487125e-04
2.223119372501969337e-03
-7.721810601651668549e-03
-4.273274447768926620e-03
-2.053340198472142220e-03
5.709361721528694034e-05
6.028376810718327761e-05
-6.612817524001002312e-04
2.262818452436476946e-04
1.789563684724271297e-03
1.288836542516946793e-02
-1.353559270501136780e-02
1.238929945975542068e-02
-3.450104966759681702e-02
3.241781890392303467e-02
-3.789811208844184875e-02
-2.695110067725181580e-02
-3.345095366239547729e-02
-4.349466413259506226e-02
4.089957475662231445e-02
-2.791017852723598480e-02
-1.582904602400958538e-03
1.729053561575710773e-03
-1.291597494855523109e-03
-1.848791493102908134e-03
-5.358729138970375061e-02
1.188792521134018898e-04
5.891452892683446407e-04
-2.704684447962790728e-04
-5.156498518772423267e-04
-3.804055741056799889e-04
1.230516936630010605e-04
-3.524572821334004402e-04
1.299533620476722717e-02
5.217265337705612183e-03
7.823791354894638062e-03
7.894879207015037537e-03
5.915547371841967106e-04
-1.349954754114151001e-01
1.087418757379055023e-03
8.416742202825844288e-04
4.678915720432996750e-03
-1.528775319457054138e-03
3.714052494615316391e-03
4.597979132086038589e-03
7.280190289020538330e-02
1.339456737041473389e-01
1.328821778297424316e-01
1.257845163345336914e-01
1.044749841094017029e-02
1.397431478835642338e-03
-4.948056302964687347e-03
-4.423562495503574610e-04
9.251289069652557373e-03
1.164345722645521164e-02
-7.255336735397577286e-03
3.000419354066252708e-03
8.304594457149505615e-02
-3.530861437320709229e-02
-3.919045627117156982e-02
-4.532070830464363098e-02
-2.520920475944876671e-03
8.662630803883075714e-03
2.566113136708736420e-03
2.745280414819717407e-02
3.341456176713109016e-04
-1.633737701922655106e-05
2.223147603217512369e-04
-6.004088371992111206e-02
-1.427347073331475258e-03
2.213463652878999710e-03
-2.276759827509522438e-03
6.830551195889711380e-03
-5.337732657790184021e-02
4.899117723107337952e-02
-3.121588192880153656e-02
-3.087154962122440338e-02
-9.210902266204357147e-03
7.314685266464948654e-03
6.930204108357429504e-03
-6.391196977347135544e-03
-2.793820167426019907e-04
-9.978706948459148407e-04
-7.841916522011160851e-05
-1.210101065225899220e-03
-5.476953927427530289e-03
4.920956562273204327e-04
5.802650703117251396e-04
-2.382500795647501945e-03
-1.302819978445768356e-02
-8.460852317512035370e-03
3.160250780638307333e-04
-1.218342781066894531e-02
-2.821139618754386902e-02
-3.676069155335426331e-02
3.234593197703361511e-02
-3.300115838646888733e-02
-8.230978995561599731e-02
9.446973353624343872e-02
-7.658188790082931519e-02
-7.914159446954727173e-02
1.838592463172972202e-03
2.178456634283065796e-03
-2.948018489405512810e-03
1.692300313152372837e-03
3.845586907118558884e-04
4.681333899497985840e-03
-1.923453412018716335e-03
-3.080400405451655388e-03
-3.025211021304130554e-02
-5.671241134405136108e-02
-5.114754289388656616e-02
5.589574947953224182e-02
9.268003515899181366e-03
7.358499802649021149e-03
1.203641295433044434e-03
9.706691838800907135e-03
1.705778576433658600e-02
-1.170852594077587128e-02
-1.168723031878471375e-02
-1.717961765825748444e-02
-8.349724113941192627e-02
4.321794403949752450e-05
2.077173267025500536e-04
-2.662123297341167927e-04
4.738882649689912796e-03
-9.795554913580417633e-03
3.937437431886792183e-04
-7.132311351597309113e-03
-1.740003190934658051e-02
1.899592205882072449e-02
-2.067350782454013824e-02
-2.043733373284339905e-02
4.361071623861789703e-03
1.798871788196265697e-03
8.423117687925696373e-04
4.296211991459131241e-03
-9.538027807138860226e-04
1.306953025050461292e-03
-2.175737917423248291e-02
1.760678831487894058e-03
-2.759316936135292053e-03
3.236002987250685692e-03
8.829672005958855152e-04
-3.090562764555215836e-03
-2.163912914693355560e-02
-7.138612214475870132e-03
-2.895461581647396088e-02
-7.148404140025377274e-03
-3.904706332832574844e-03
-8.075342513620853424e-03
-8.032197132706642151e-03
1.052216161042451859e-03
-3.019248321652412415e-02
-2.126906620105728507e-04
-4.344698414206504822e-02
1.309112645685672760e-03
5.256532458588480949e-04
-1.633707433938980103e-03
3.895141999237239361e-04
2.863131929188966751e-03
1.508766226470470428e-02
-1.282854750752449036e-02
-1.175225619226694107e-02
1.408348977565765381e-02
8.953435346484184265e-03
-3.413471858948469162e-03
-7.177425432018935680e-04
-4.574447870254516602e-03
-2.711090445518493652e-02
-1.804696075851097703e-04
4.802314215339720249e-04
-4.403954953886568546e-04
1.321164667606353760e-01
1.217136755585670471e-01
9.767428040504455566e-02
1.252410560846328735e-01
1.142219698522239923e-04
-7.246650010347366333e-02
1.452289579901844263e-04
-6.324973702430725098e-02
3.616588655859231949e-03
4.204592667520046234e-03
2.383659128099679947e-03
1.787170884199440479e-03
-3.215917572379112244e-02
-4.071474820375442505e-02
3.302150592207908630e-02
-2.658111974596977234e-02
-3.195268072886392474e-05
-3.534620336722582579e-04
-1.213233772432431579e-04
-2.837904170155525208e-02
-2.761124446988105774e-02
-1.802051439881324768e-02
-6.793955340981483459e-03
-1.032753195613622665e-02
-1.290926989167928696e-02
-2.013210020959377289e-02
-1.898442953824996948e-02
-2.709072642028331757e-02
-5.971950944513082504e-03
-3.174301469698548317e-03
1.002395991235971451e-02
7.577899959869682789e-04
3.069951897487044334e-03
-2.758956747129559517e-03
-9.068844839930534363e-03
-1.697912579402327538e-03
-2.528276108205318451e-02
1.290141663048416376e-04
1.445545494789257646e-04
-1.172829768620431423e-03
2.848292002454400063e-03
-5.973106017336249352e-04
-1.177875441499054432e-03
6.270775920711457729e-04
4.070207010954618454e-03
-1.358872558921575546e-02
-5.400413647294044495e-03
-6.822718423791229725e-04
-1.380099565722048283e-04
-4.325073212385177612e-03
8.075381047092378139e-04
-1.072342228144407272e-02
3.256599605083465576e-02
-3.312488272786140442e-02
-3.320943191647529602e-02
-3.347026556730270386e-02
1.934076135512441397e-05
3.990737604908645153e-04
-1.211172348121181130e-04
-4.303727671504020691e-02
-1.675634703133255243e-04
-2.588779898360371590e-05
3.336362715344876051e-05
-2.501049311831593513e-04
-4.116688854992389679e-03
-8.677878417074680328e-03
1.000527845462784171e-06
-6.788864266127347946e-03
3.183453809469938278e-03
4.573970567435026169e-03
6.424284540116786957e-03
5.004148464649915695e-03
1.436802558600902557e-03
-6.193897873163223267e-02
-2.159203431801870465e-04
-3.253068425692617893e-04
-2.933891082648187876e-04
3.322472039144486189e-04
2.835005871020257473e-04
-6.975314021110534668e-02
-2.666366472840309143e-02
2.520196139812469482e-04
-5.427159368991851807e-02
-2.533853799104690552e-02
-4.151150584220886230e-02
4.532481729984283447e-02
-4.493089765310287476e-02
-4.316641390323638916e-02
-8.578718639910221100e-03
-7.532427087426185608e-03
-4.941040184348821640e-03
-1.092769484966993332e-02
1.578257768414914608e-03
8.434342220425605774e-03
-1.060870662331581116e-02
-9.764053975231945515e-04
-2.225320227444171906e-02
-2.104680612683296204e-02
2.466382645070552826e-02
-2.824238874018192291e-02
-1.200268510729074478e-02
-1.686588674783706665e-02
-1.707146875560283661e-02
-2.072583325207233429e-02
-7.273898273706436157e-02
9.329362213611602783e-02
-6.865745037794113159e-02
-7.867801189422607422e-02
-2.446374483406543732e-02
-4.913187513011507690e-05
-3.978836163878440857e-02
-2.609313378343358636e-05
-2.288073115050792694e-02
-8.567712269723415375e-03
-2.934077568352222443e-02
-1.848848350346088409e-02
5.703016370534896851e-02
6.813886016607284546e-02
9.648859500885009766e-02
9.003505855798721313e-02
-2.933740615844726562e-03
-4.347584210336208344e-03
7.772482000291347504e-03
3.179045161232352257e-03
4.676452663261443377e-04
4.403732717037200928e-03
1.801291713491082191e-03
6.703551858663558960e-03
2.177939563989639282e-02
-1.822626218199729919e-02
-2.127324417233467102e-02
-1.883762702345848083e-02
-1.868009380996227264e-02
-1.910297200083732605e-02
-1.142726745456457138e-02
2.672204934060573578e-02
-1.465422974433749914e-04
-1.255381939699873328e-04
-1.494552344083786011e-01
1.984363334486261010e-04
-3.218729048967361450e-02
-2.730738744139671326e-02
-3.284940496087074280e-02
2.860299870371818542e-02
8.332473784685134888e-02
8.070489019155502319e-02
1.237402111291885376e-01
7.634461671113967896e-02
-1.112919114530086517e-02
-6.349945440888404846e-03
-9.128541685640811920e-03
-9.500698652118444443e-04
6.473222374916076660e-02
-5.906039848923683167e-02
-5.873342975974082947e-02
-5.469203740358352661e-02
-1.085667463485151529e-04
-1.323741227388381958e-01
6.336200749501585960e-04
-3.233693714719265699e-04
1.135062891989946365e-02
1.755474507808685303e-02
1.544347126036882401e-02
4.283814691007137299e-03
-2.025449066422879696e-04
1.136880455305799842e-04
1.665697636781260371e-04
-3.737056686077266932e-04
2.025010529905557632e-03
9.120105532929301262e-04
-1.211144775152206421e-02
1.043194672092795372e-03
-7.716528140008449554e-03
-7.897024042904376984e-03
7.963219657540321350e-03
2.155020367354154587e-03
-1.042433269321918488e-02
1.271332055330276489e-02
-1.530360896140336990e-02
-1.334587112069129944e-02
-1.189352478832006454e-02
-1.497536525130271912e-02
1.790394261479377747e-02
1.301213633269071579e-02
6.782163400202989578e-03
7.845256477594375610e-03
-6.115502212196588516e-03
-5.974527914077043533e-03
-2.990611828863620758e-02
3.552054986357688904e-02
-4.308192059397697449e-02
-3.254272788763046265e-02
-1.078857760876417160e-02
-1.693175727268680930e-04
-8.332731202244758606e-03
1.376994187012314796e-03
1.214970834553241730e-03
-2.185104647651314735e-03
-6.279642111621797085e-04
-8.592071244493126869e-04
-4.432402923703193665e-02
-6.919571314938366413e-04
-9.188369149342179298e-04
9.765021386556327343e-04
-2.870901254937052727e-03
-1.096303761005401611e-02
1.545622653793543577e-04
2.392720198258757591e-03
-1.734439283609390259e-02
-3.280949220061302185e-02
1.165085006505250931e-03
-8.632872777525335550e-05
1.154511049389839172e-01
8.956877887248992920e-02
1.318234354257583618e-01
5.800696834921836853e-02
1.979271648451685905e-03
-1.322746160440146923e-03
1.827351516112685204e-03
-9.042484685778617859e-03
4.653454525396227837e-04
9.650994616094976664e-05
1.807664055377244949e-03
-1.001003780402243137e-03
-3.262181580066680908e-02
-3.130419179797172546e-02
-3.784004598855972290e-02
3.745960444211959839e-02
1.462303996086120605e-01
1.621932387351989746e-01
1.712980866432189941e-01
1.312536597251892090e-01
6.929240189492702484e-03
3.089050529524683952e-03
-2.125868108123540878e-03
-8.493647910654544830e-04
-1.654523424804210663e-02
-1.771639287471771240e-02
-1.596847735345363617e-02
1.698579452931880951e-02
1.849629878997802734e-01
1.630789339542388916e-01
1.277734339237213135e-01
1.620263010263442993e-01
-3.605280071496963501e-02
-4.212424904108047485e-02
-3.411597013473510742e-02
4.265281558036804199e-02
-6.003635935485363007e-03
2.242214605212211609e-02
7.801482453942298889e-03
-1.374376937747001648e-02
6.149436812847852707e-04
1.222181483171880245e-03
-6.029303767718374729e-04
4.015513113699853420e-04
5.444658920168876648e-02
4.716436192393302917e-02
7.089991122484207153e-02
3.465408831834793091e-02
3.833365626633167267e-03
3.392905695363879204e-03
1.642465824261307716e-03
-6.372929201461374760e-04
-1.465078257024288177e-02
-1.340054627507925034e-02
-1.079724542796611786e-02
-1.327833998948335648e-02
8.377187623409554362e-05
9.557018056511878967e-03
6.965077016502618790e-03
6.091525312513113022e-03
1.107978168874979019e-03
1.656567328609526157e-03
1.964862691238522530e-03
7.427877280861139297e-04
1.049479097127914429e-02
-3.436551196500658989e-03
-5.903574638068675995e-03
-1.094715390354394913e-02
5.237930640578269958e-02
-4.793537035584449768e-02
-4.645295441150665283e-02
-4.885242879390716553e-02
-1.330868573859333992e-03
1.499978126958012581e-03
1.681382185779511929e-03
-3.393032588064670563e-03
6.205630779732018709e-05
-3.139342879876494408e-04
6.359639810398221016e-04
-1.890221959911286831e-03
5.898798629641532898e-02
1.693129241466522217e-01
2.127983123064041138e-01
1.295679658651351929e-01
-1.266953069716691971e-02
-6.543945055454969406e-03
-2.828649431467056274e-02
-1.309086289256811142e-02
-5.623382516205310822e-03
9.935665875673294067e-03
3.435847349464893341e-03
5.398045759648084641e-03
-2.909561432898044586e-02
-3.046924062073230743e-02
-2.693371847271919250e-02
3.117766231298446655e-02
-1.229648664593696594e-02
-6.487704347819089890e-03
6.459948053816333413e-05
9.899275377392768860e-03
9.286309592425823212e-03
8.056106977164745331e-03
9.755412116646766663e-03
-9.435101412236690521e-03
-7.387240882962942123e-03
-2.817295258864760399e-03
-1.770522445440292358e-02
-2.813669620081782341e-03
-2.859345695469528437e-04
4.899063060292974114e-05
-1.115101913455873728e-04
-1.166035799542441964e-04
6.677504861727356911e-04
2.406421815976500511e-03
-5.660468712449073792e-03
5.693316459655761719e-03
9.476268291473388672e-02
1.276971250772476196e-01
1.302553713321685791e-01
1.313181072473526001e-01
6.534692365676164627e-03
-7.202228065580129623e-03
1.114549767225980759e-02
5.669228266924619675e-03
-6.261318922042846680e-03
-1.514380448497831821e-03
1.378913992084562778e-03
3.643536474555730820e-03
3.756837174296379089e-02
-2.684244327247142792e-02
-3.026378341019153595e-02
-3.669073060154914856e-02
-1.252218428999185562e-02
-2.009690552949905396e-02
-1.212560851126909256e-02
-2.290466800332069397e-02
-1.004143133759498596e-01
-1.125343069434165955e-01
-9.387441724538803101e-02
1.116736382246017456e-01
1.990615128306671977e-04
7.761969754938036203e-05
-6.294907629489898682e-02
-1.656347740208730102e-05
-3.715198487043380737e-02
-5.193195492029190063e-02
6.873261928558349609e-02
-4.718982800841331482e-02
2.823768183588981628e-03
1.234440715052187443e-03
7.713055703788995743e-03
-2.690738067030906677e-03
2.248286182293668389e-05
-1.358632434858009219e-04
1.830284018069505692e-04
-3.880025073885917664e-02
-9.614478051662445068e-02
1.150931641459465027e-01
-9.020933508872985840e-02
-1.100981906056404114e-01
8.705963194370269775e-02
-8.591312915086746216e-02
-8.912873268127441406e-02
-7.366594672203063965e-02
1.953497715294361115e-02
1.567338593304157257e-02
2.031537704169750214e-02
1.209824718534946442e-02
-1.283826772123575211e-03
-8.552068844437599182e-03
1.985053997486829758e-03
-2.460243413224816322e-04
5.382473580539226532e-03
1.317484537139534950e-03
-3.457515558693557978e-04
-9.896352275973185897e-05
-4.675222933292388916e-02
4.253608360886573792e-02
-4.222578555345535278e-02
-4.012365266680717468e-02
8.034694474190473557e-05
-7.758586667478084564e-03
1.096548512578010559e-03
6.093366027926094830e-05
-1.060166861861944199e-02
-4.950623959302902222e-02
-1.041780784726142883e-02
-1.708043180406093597e-02
-2.347110956907272339e-02
-2.588980086147785187e-02
2.574977651238441467e-02
-2.934878878295421600e-02
1.411859062500298023e-03
-2.081593964248895645e-03
6.725885905325412750e-04
6.463783793151378632e-04
-2.017971500754356384e-02
7.049369625747203827e-03
3.563281497918069363e-04
-1.564899645745754242e-02
-5.815092846751213074e-02
1.778650039341300726e-05
1.953245664481073618e-04
1.642497518332675099e-04
7.394360145553946495e-04
4.941402003169059753e-03
-1.565571641549468040e-03
5.721678026020526886e-03
-7.519559934735298157e-03
-1.127260364592075348e-02
-8.775385096669197083e-03
-2.640064805746078491e-03
-2.086100541055202484e-02
-1.232899166643619537e-02
-1.891965046525001526e-02
-1.396253053098917007e-02
-1.684908056631684303e-06
1.853746507549658418e-04
-5.208387156017124653e-04
-1.616471490706317127e-05
-8.689607784617692232e-05
4.151675384491682053e-04
-5.213608383201062679e-04
-4.613442718982696533e-02
-1.076108515262603760e-01
-1.012564897537231445e-01
-8.839122205972671509e-02
1.170340776443481445e-01
8.801532676443457603e-04
-7.164210081100463867e-03
-4.632643423974514008e-03
-9.364727884531021118e-05
9.702271781861782074e-03
2.937893010675907135e-02
-2.836439944803714752e-02
-3.060593456029891968e-02
