-4.274071380496025085e-02
-2.179925329983234406e-02
-1.699756085872650146e-02
-2.220793813467025757e-02
-9.464667178690433502e-03
-2.435422316193580627e-02
6.504060234874486923e-03
2.091518603265285492e-03
1.627949252724647522e-02
-8.309734053909778595e-03
2.774085663259029388e-02
1.177755743265151978e-02
3.045241534709930420e-02
2.050235494971275330e-02
1.623396202921867371e-02
-1.391093945130705833e-03
-1.116831228137016296e-02
2.139932475984096527e-02
9.272241964936256409e-03
-3.481766209006309509e-02
-6.005430594086647034e-02
-1.176396850496530533e-03
-5.743193626403808594e-02
-3.698764368891716003e-02
1.370264589786529541e-02
1.083428971469402313e-02
-2.357123605906963348e-02
3.096880763769149780e-02
-1.630194112658500671e-02
2.466999553143978119e-02
3.534813970327377319e-02
-3.763588145375251770e-02
-2.661628462374210358e-02
-1.032986771315336227e-02
-1.426011417061090469e-02
-6.356001831591129303e-03
4.979741200804710388e-02
-5.065792053937911987e-02
-5.206459015607833862e-02
-3.917539864778518677e-02
-6.686978042125701904e-02
-3.015646152198314667e-02
7.160150259733200073e-02
-4.212695360183715820e-02
-3.647432476282119751e-02
-2.463439013808965683e-03
5.015937611460685730e-03
-3.882472217082977295e-02
1.614110171794891357e-02
-1.762158237397670746e-03
2.526322938501834869e-02
9.560912847518920898e-03
-6.212455220520496368e-03
-6.855791434645652771e-04
1.190933119505643845e-02
-3.736238460987806320e-03
-7.853924296796321869e-03
3.553140675649046898e-03
-2.970803063362836838e-03
-3.656719624996185303e-01
-8.343592286109924316e-02
-6.708908360451459885e-03
3.576613590121269226e-02
2.422047406435012817e-02
2.342011407017707825e-02
6.879328191280364990e-02
-3.206085786223411560e-02
3.291932865977287292e-02
1.398970093578100204e-02
5.637888610363006592e-02
7.584820687770843506e-02
2.810548432171344757e-02
-7.706846576184034348e-03
-8.296350389719009399e-02
2.481021732091903687e-02
-7.639741897583007812e-02
-6.360934674739837646e-02
1.573924382682889700e-04
2.262077853083610535e-02
-2.590127103030681610e-02
1.421992573887109756e-02
-2.026526071131229401e-02
-3.722005710005760193e-02
-3.297841548919677734e-02
-3.849895205348730087e-03
-1.952503435313701630e-02
-2.163896709680557251e-02
-7.283355575054883957e-03
-1.775148324668407440e-03
8.485748432576656342e-03
-4.515385720878839493e-03
-3.057444095611572266e-02
-1.357056782580912113e-03
6.244132237043231726e-06
1.426114141941070557e-02
-1.556534878909587860e-02
2.868565171957015991e-02
-5.232737958431243896e-02
-4.540615901350975037e-02
-1.020132601261138916e-01
-8.862670511007308960e-02
-8.062364161014556885e-02
1.756067760288715363e-02
1.865972019731998444e-02
6.285794661380350590e-04
6.340315192937850952e-02
-3.092143870890140533e-02
-3.443045541644096375e-02
-6.477341521531343460e-03
2.202891046181321144e-03
-2.179532311856746674e-02
3.316605091094970703e-02
-1.998184807598590851e-02
8.273227140307426453e-03
-2.862910367548465729e-02
7.060645148158073425e-03
4.724733298644423485e-05
-2.707655541598796844e-02
-6.974226236343383789e-02
-4.746264964342117310e-02
-2.877349965274333954e-02
1.065156538970768452e-03
-2.748461812734603882e-02
-4.132242873311042786e-03
-1.168430596590042114e-02
5.041688214987516403e-03
-1.033570803701877594e-02
-1.891207299195230007e-03
-1.525018247775733471e-03
-1.593865640461444855e-02
-1.528572570532560349e-02
3.700352972373366356e-04
1.731979474425315857e-02
-1.396471780026331544e-04
-1.321931136772036552e-03
1.198801770806312561e-02
-2.577101625502109528e-02
-2.237328514456748962e-02
7.979340152814984322e-04
1.331344339996576309e-02
1.450424897484481335e-03
1.329453516518697143e-04
7.244959939271211624e-03
-1.349548250436782837e-02
-5.796050187200307846e-03
1.767468824982643127e-02
5.683220550417900085e-02
3.615092951804399490e-03
6.572880782186985016e-03
-9.996113367378711700e-03
1.773410849273204803e-02
1.250932831317186356e-02
2.244584634900093079e-02
1.789682731032371521e-02
3.427518904209136963e-02
1.620610430836677551e-02
-6.450079381465911865e-03
6.026032846421003342e-03
2.953430078923702240e-02
1.375765539705753326e-02
2.765965647995471954e-02
2.521445602178573608e-02
1.154772471636533737e-03
-2.707640454173088074e-02
-3.302137926220893860e-02
-4.114502668380737305e-02
-5.426316335797309875e-02
-1.817091181874275208e-02
5.734689068049192429e-03
-1.161724235862493515e-02
4.383125901222229004e-02
-5.894892383366823196e-03
-1.201096456497907639e-02
-2.320895902812480927e-03
-2.342724474146962166e-03
-6.928710639476776123e-02
-5.298041924834251404e-02
4.476280510425567627e-02
4.239420220255851746e-02
-3.653308749198913574e-02
4.940578248351812363e-03
-2.942810580134391785e-02
-5.886925384402275085e-02
-2.266128547489643097e-02
-1.375611592084169388e-02
2.652498148381710052e-02
1.112197618931531906e-02
-2.258494263514876366e-03
-3.448200412094593048e-03
6.145244929939508438e-03
-3.938246052712202072e-03
7.728521712124347687e-03
6.948743015527725220e-02
5.853572860360145569e-02
3.935191035270690918e-02
2.106969803571701050e-02
3.524386510252952576e-02
3.427387448027729988e-03
-2.291885763406753540e-02
3.185000270605087280e-02
-8.806367963552474976e-02
-7.993215322494506836e-02
-7.892014086246490479e-02
1.541760470718145370e-02
-7.885535061359405518e-02
1.695569790899753571e-02
-2.388731390237808228e-02
-2.592772804200649261e-02
-2.804537303745746613e-02
-8.202758431434631348e-02
-4.962325096130371094e-02
2.808183804154396057e-02
1.150052994489669800e-02
3.967789933085441589e-02
3.092636540532112122e-02
2.694009989500045776e-02
-1.977844908833503723e-02
-1.239347551017999649e-02
9.358222596347332001e-03
1.272613275796175003e-02
1.198087586089968681e-03
4.690756089985370636e-03
-8.282591588795185089e-03
4.469089210033416748e-03
1.681433059275150299e-02
8.249903097748756409e-03
8.182894438505172729e-03
-2.894222037866711617e-03
-4.385791346430778503e-02
-4.279121756553649902e-02
-6.942198611795902252e-03
-7.785686105489730835e-02
-1.295884139835834503e-02
-6.514044478535652161e-03
-3.682520613074302673e-02
-8.357929065823554993e-03
-5.725760757923126221e-02
4.577220231294631958e-02
-8.567196875810623169e-02
4.916660115122795105e-02
-4.024319723248481750e-02
-6.666964292526245117e-02
1.211901288479566574e-02
-8.962278813123703003e-02
-5.853800848126411438e-02
-6.686446815729141235e-02
1.730466820299625397e-02
1.653875224292278290e-02
5.824024789035320282e-03
6.135319825261831284e-03
2.876493846997618675e-03
2.317613922059535980e-02
-7.437090389430522919e-03
-1.383141614496707916e-02
-2.557807043194770813e-02
6.970206741243600845e-04
8.129342645406723022e-02
-1.737387292087078094e-02
2.198283746838569641e-02
-1.340289693325757980e-02
4.094754531979560852e-02
2.123972401022911072e-02
2.235326357185840607e-02
1.396317221224308014e-02
9.202215820550918579e-03
-6.940772291272878647e-03
-9.065507911145687103e-03
-1.074607018381357193e-02
-3.708665026351809502e-03
-1.442998414859175682e-03
-2.359026111662387848e-02
-5.465875566005706787e-02
-1.453717146068811417e-02
-2.909660525619983673e-02
-2.202959731221199036e-03
1.187667436897754669e-02
-4.661292582750320435e-02
-1.089330203831195831e-02
-6.242186948657035828e-02
-9.806472063064575195e-02
4.294294118881225586e-02
-2.791008539497852325e-02
-2.788673341274261475e-02
9.274789772462099791e-05
4.289291426539421082e-02
-1.999810338020324707e-02
-1.105789281427860260e-02
-8.434792980551719666e-03
-3.757236525416374207e-02
1.217309385538101196e-02
2.100868336856365204e-02
1.021012943238019943e-02
2.156985551118850708e-02
1.018083095550537109e-02
3.390404582023620605e-02
-4.514957219362258911e-02
-3.113800846040248871e-02
-8.595343679189682007e-03
-2.941573970019817352e-02
2.395579125732183456e-03
8.709362591616809368e-04
1.650444790720939636e-02
1.768853329122066498e-02
3.756744088605046272e-03
2.941358368843793869e-03
4.225444514304399490e-03
-7.862024009227752686e-03
4.489111155271530151e-02
-5.136393755674362183e-02
-5.065456777811050415e-02
-4.502437263727188110e-02
-3.377309069037437439e-02
1.099524740129709244e-02
-5.323466844856739044e-03
-1.154995709657669067e-02
-1.010086759924888611e-02
1.161868032068014145e-02
4.930527880787849426e-03
-1.178018096834421158e-02
-6.052514165639877319e-02
9.016789495944976807e-02
8.786310255527496338e-02
-2.817205339670181274e-02
3.801898658275604248e-02
-2.152634598314762115e-02
-2.681902237236499786e-02
-9.123316965997219086e-03
-1.935477368533611298e-02
-1.618271879851818085e-02
-1.860110089182853699e-02
-3.124280273914337158e-02
1.509644556790590286e-03
9.350920096039772034e-03
1.816537603735923767e-02
6.600899156183004379e-03
4.678416997194290161e-03
-2.362398616969585419e-02
1.542084943503141403e-02
-6.996225565671920776e-04
1.593216136097908020e-02
7.731430698186159134e-03
-9.020338766276836395e-03
-7.469899486750364304e-03
-3.501681983470916748e-02
-1.976801007986068726e-01
-1.312206499278545380e-02
-1.438327692449092865e-02
3.334857523441314697e-02
3.903261572122573853e-02
-1.400893926620483398e-02
-1.220415532588958740e-02
-1.231682114303112030e-02
-4.725569486618041992e-02
-2.427055267617106438e-03
4.532523080706596375e-02
-6.979286670684814453e-02
-4.228032752871513367e-02
-7.441262155771255493e-02
-5.379312857985496521e-02
-2.417790330946445465e-02
9.103965014219284058e-03
-3.618051856756210327e-02
-4.860231187194585800e-03
-6.770784966647624969e-03
7.661703275516629219e-04
1.633909158408641815e-02
-2.019608393311500549e-03
-2.227293513715267181e-02
-7.290254347026348114e-03
-5.303497426211833954e-03
-8.367599919438362122e-03
1.008509378880262375e-02
8.254267275333404541e-03
-3.666206076741218567e-02
-2.137979120016098022e-02
-2.088756486773490906e-02
-1.473340298980474472e-02
-2.395780570805072784e-02
-3.215384855866432190e-02
-4.748193919658660889e-02
-1.723398268222808838e-02
-1.145148742944002151e-02
-1.720912382006645203e-02
3.849770501255989075e-02
2.927504107356071472e-02
-2.589932829141616821e-02
-2.678512223064899445e-02
-2.814071485772728920e-03
-4.882335290312767029e-02
-5.427528638392686844e-03
-1.189100742340087891e-01
1.817894279956817627e-01
1.591569036245346069e-01
1.780162155628204346e-01
1.628365814685821533e-01
1.736561357975006104e-01
-3.435682505369186401e-03
-2.219680137932300568e-02
-2.018364518880844116e-02
-3.562308475375175476e-02
4.693891853094100952e-02
-3.513240069150924683e-02
1.817710883915424347e-02
-2.475493354722857475e-03
-2.835626527667045593e-02
-2.799559757113456726e-02
-3.839150443673133850e-02
-5.111362785100936890e-02
-3.467408823780715466e-04
-4.108146205544471741e-02
-4.848656803369522095e-02
-5.218152701854705811e-02
-1.609456725418567657e-02
1.478638313710689545e-02
-1.790512725710868835e-02
-7.528147660195827484e-03
-1.236423198133707047e-02
1.124485302716493607e-02
2.805271930992603302e-02
-1.477342331781983376e-03
-6.761526688933372498e-03
3.098784573376178741e-02
-2.646867651492357254e-03
-1.583016850054264069e-02
-1.283543650060892105e-02
-1.398147083818912506e-02
1.267439778894186020e-02
-4.550008568912744522e-03
-4.846290126442909241e-02
-3.849673271179199219e-02
-6.098612397909164429e-02
-7.804167270660400391e-02
-4.054677858948707581e-02
-3.638074919581413269e-02
-7.099460065364837646e-02
-3.654642403125762939e-02
-6.173383072018623352e-02
-7.927690446376800537e-02
-7.390389218926429749e-03
-2.366134896874427795e-02
1.968221664428710938e-01
-6.042874604463577271e-02
-2.285056188702583313e-02
1.685362756252288818e-01
-1.524295657873153687e-03
-1.358812116086483002e-02
4.629623726941645145e-04
8.787166327238082886e-03
1.433213427662849426e-02
-3.509924572426825762e-04
9.556806646287441254e-03
-2.480459809303283691e-01
1.687081716954708099e-02
-2.258652262389659882e-02
4.905266687273979187e-02
4.620835185050964355e-02
-7.717260625213384628e-03
6.370898336172103882e-02
-2.164644747972488403e-02
-1.266923174262046814e-02
-4.235259070992469788e-02
-2.983047068119049072e-02
2.397496625781059265e-02
-2.464349009096622467e-02
-3.236212581396102905e-02
-3.348151221871376038e-02
-4.314055666327476501e-02
-2.927259914577007294e-02
5.825216323137283325e-02
-9.248704649507999420e-03
1.918413862586021423e-02
1.064174622297286987e-02
1.343754399567842484e-02
-1.001842413097620010e-02
-3.688646946102380753e-03
-9.963799268007278442e-03
-3.401451185345649719e-02
7.650159299373626709e-02
-3.821649774909019470e-02
-5.280890502035617828e-03
-1.566004566848278046e-02
1.018839050084352493e-02
-9.424152784049510956e-03
2.637853845953941345e-02
2.242433466017246246e-02
-1.601254194974899292e-02
-3.358214348554611206e-02
-3.017717599868774414e-02
-3.396973758935928345e-02
2.145551145076751709e-03
2.800669334828853607e-02
-2.630201168358325958e-02
-4.422290995717048645e-02
2.703976444900035858e-02
2.530624158680438995e-02
1.483449619263410568e-02
2.004814706742763519e-02
-1.366689801216125488e-02
-1.981164142489433289e-02
8.225500583648681641e-03
1.705687306821346283e-02
1.646456494927406311e-02
4.125906527042388916e-02
7.681412156671285629e-03
-1.039390545338392258e-02
4.113216325640678406e-02
-1.722691953182220459e-02
-4.983233753591775894e-03
-1.898222789168357849e-02
1.850568316876888275e-02
6.812332570552825928e-02
9.500286541879177094e-03
4.318844527006149292e-03
2.576480992138385773e-02
2.917001582682132721e-02
1.976251043379306793e-02
-4.943259526044130325e-03
-3.068271791562438011e-03
2.123470604419708252e-02
3.128614649176597595e-02
1.364714559167623520e-02
7.274641655385494232e-03
-4.727914184331893921e-02
4.090356640517711639e-03
-7.352019893005490303e-04
-1.711765187792479992e-03
-3.711401950567960739e-03
-1.813101209700107574e-02
-5.582955852150917053e-02
6.127830129116773605e-03
3.140400862321257591e-03
-5.088146403431892395e-02
-3.568645566701889038e-02
-2.938218787312507629e-02
1.521893683820962906e-02
-3.995270282030105591e-02
-1.474942639470100403e-02
-2.816556207835674286e-02
-3.153361007571220398e-02
-4.995913431048393250e-02
-3.397112339735031128e-02
1.277814209461212158e-01
1.141447797417640686e-01
-1.076437458395957947e-01
-2.440959215164184570e-02
1.776493620127439499e-03
1.809550262987613678e-02
1.474866736680269241e-02
2.337500825524330139e-02
8.475743234157562256e-04
3.238290920853614807e-02
5.843876861035823822e-03
-2.852541022002696991e-02
-2.597324550151824951e-02
-3.006685711443424225e-02
-4.041755199432373047e-02
-4.275294020771980286e-02
-3.009465336799621582e-02
1.856151409447193146e-02
-1.250549685209989548e-02
4.009274020791053772e-02
1.963393390178680420e-02
2.965332567691802979e-02
3.870313987135887146e-02
-1.212024828419089317e-03
-2.023421786725521088e-02
-6.440947763621807098e-03
-2.923176810145378113e-02
2.472684020176529884e-03
3.241651132702827454e-02
-1.807662774808704853e-03
-1.663701981306076050e-02
-4.041284322738647461e-02
-6.635123491287231445e-02
-3.619090840220451355e-02
2.913049235939979553e-02
-1.282961014658212662e-02
6.913090497255325317e-02
-2.647400461137294769e-02
-6.014397367835044861e-03
-4.258234426379203796e-02
-3.067266568541526794e-02
9.721676819026470184e-03
-1.025448087602853775e-02
-2.379636280238628387e-02
-3.212327882647514343e-02
-1.995032280683517456e-02
-3.600582107901573181e-02
-8.403966575860977173e-02
-8.927948772907257080e-03
-8.931025862693786621e-03
-1.019685938954353333e-01
6.508813053369522095e-02
-9.314883500337600708e-02
-2.931224368512630463e-02
-2.718287054449319839e-03
5.954154301434755325e-03
1.067339163273572922e-02
1.139552611857652664e-02
1.278872136026620865e-02
2.608419395983219147e-02
9.747382253408432007e-03
2.470364794135093689e-02
-6.762689445167779922e-03
1.859441958367824554e-02
2.933492325246334076e-02
-4.068501293659210205e-02
-1.548605854623019695e-03
-2.578168176114559174e-03
-1.675538346171379089e-02
-2.369006688240915537e-05
6.575941573828458786e-03
2.658469788730144501e-02
-1.590011082589626312e-02
-1.872091740369796753e-02
-3.490976244211196899e-02
-6.522844731807708740e-02
-3.620890155434608459e-02
1.996789593249559402e-03
9.823234751820564270e-03
2.263537049293518066e-02
2.478752285242080688e-02
1.460922881960868835e-02
4.566818941384553909e-03
-2.806529588997364044e-02
1.037978101521730423e-03
1.035498362034559250e-02
2.889191731810569763e-03
2.318821614608168602e-03
2.262086980044841766e-02
1.337836496531963348e-02
-3.890811279416084290e-02
-2.868227474391460419e-02
-1.106033381074666977e-02
-4.273584857583045959e-02
-3.184082359075546265e-02
1.914846478030085564e-03
-1.397107262164354324e-02
6.609395891427993774e-02
-2.612676285207271576e-02
-1.308344583958387375e-02
2.896835561841726303e-03
-3.278030455112457275e-02
1.547124935314059258e-03
-1.328679546713829041e-02
4.063333850353956223e-03
-1.417585182934999466e-02
-1.691265404224395752e-02
-1.832546666264533997e-02
-1.388390455394983292e-02
-2.222170867025852203e-02
-5.504369735717773438e-02
2.586702629923820496e-02
-3.048064932227134705e-02
2.414682134985923767e-02
1.650668494403362274e-02
-7.969956845045089722e-03
-2.634048275649547577e-02
-5.244781449437141418e-02
1.011786051094532013e-03
-5.968698486685752869e-02
-5.890362337231636047e-02
1.801511645317077637e-02
-1.244797091931104660e-02
-6.583560258150100708e-02
-3.821169957518577576e-02
3.684990108013153076e-02
1.907307095825672150e-02
-9.843901731073856354e-03
8.137221448123455048e-03
2.147951722145080566e-02
-1.513666938990354538e-03
7.817088812589645386e-02
2.915037609636783600e-02
5.956403445452451706e-03
1.899477280676364899e-02
9.953938424587249756e-03
7.282191887497901917e-03
-9.140606969594955444e-03
-3.657150315120816231e-03
-2.422561496496200562e-02
2.516068750992417336e-03
-1.143949013203382492e-02
2.809637691825628281e-03
2.354547753930091858e-02
-2.992857806384563446e-02
-3.808088228106498718e-02
-9.365333244204521179e-03
-4.235918074846267700e-02
-3.368157148361206055e-02
-7.015381753444671631e-02
7.244115322828292847e-02
-5.414905771613121033e-02
-2.871610922738909721e-03
-1.735919155180454254e-02
-2.752217836678028107e-02
2.955927513539791107e-02
-9.869311936199665070e-03
-1.983834058046340942e-02
-1.021408662199974060e-02
-5.298485234379768372e-02
-1.954114623367786407e-02
-2.894010022282600403e-02
-4.487461224198341370e-02
-3.860184922814369202e-03
4.219139367341995239e-02
-8.139015408232808113e-04
-2.057893387973308563e-02
-1.115140225738286972e-02
1.039351429790258408e-02
1.996589638292789459e-02
2.382367476820945740e-02
3.137641772627830505e-02
2.486346475780010223e-02
-2.297356352210044861e-02
1.675090054050087929e-03
3.366660699248313904e-02
-1.092113927006721497e-02
-1.318751252256333828e-03
5.067716818302869797e-03
-1.920476742088794708e-02
-2.138264104723930359e-02
-2.857358194887638092e-02
-4.207627847790718079e-02
6.586217135190963745e-02
-2.664661442395299673e-04
-2.238184213638305664e-03
1.095160096883773804e-02
-2.719007898122072220e-03
-1.740126311779022217e-02
-2.030742354691028595e-02
-1.052517350763082504e-02
2.199937030673027039e-02
-2.220632508397102356e-02
6.131299305707216263e-03
1.744812354445457458e-02
1.079759001731872559e-02
1.420248858630657196e-02
-7.293023914098739624e-02
-6.128688342869281769e-03
-2.653068513609468937e-04
-6.795164663344621658e-03
-1.443310175091028214e-02
1.963222632184624672e-03
1.521431282162666321e-02
-8.462801575660705566e-03
8.463238365948200226e-03
2.466467767953872681e-02
1.188380457460880280e-02
1.374680176377296448e-02
-2.756539033725857735e-04
1.630713045597076416e-02
1.983253844082355499e-02
-1.213101204484701157e-02
2.074823342263698578e-02
-4.730543494224548340e-02
-2.328573167324066162e-02
1.776696555316448212e-02
6.056339014321565628e-03
-9.377430193126201630e-03
4.213028587400913239e-03
-4.384569358080625534e-03
-2.589822933077812195e-02
1.549603510648012161e-02
1.218657102435827255e-02
1.886818744242191315e-02
-7.762579713016748428e-03
2.939315326511859894e-02
-1.690313778817653656e-02
2.630847878754138947e-02
-3.351265564560890198e-03
1.392843946814537048e-02
2.367408387362957001e-02
3.440696746110916138e-02
4.431738518178462982e-03
-1.482400926761329174e-03
-1.150732301175594330e-02
8.338470011949539185e-03
-7.919856347143650055e-03
-5.269294604659080505e-03
-1.917534135282039642e-02
-1.400345005095005035e-02
-1.432886533439159393e-02
-2.427144907414913177e-03
7.955089677125215530e-04
-1.588891027495265007e-03
-1.402106601744890213e-02
-4.492105916142463684e-02
-2.376778423786163330e-02
-1.778704859316349030e-02
-2.273773215711116791e-02
-1.633989810943603516e-02
-1.181805226951837540e-02
-6.424909923225641251e-03
-1.083240658044815063e-02
-9.133290150202810764e-04
8.706191554665565491e-03
-2.718283422291278839e-02
-7.984176278114318848e-03
2.594954892992973328e-02
-3.793939575552940369e-02
-5.529635399580001831e-02
-3.591076284646987915e-02
-3.043896332383155823e-02
5.640368908643722534e-03
4.055436875205487013e-05
-1.012514811009168625e-02
2.496476471424102783e-02
1.933416165411472321e-02
7.333513814955949783e-03
7.244711369276046753e-02
-5.968645215034484863e-02
-6.592383980751037598e-02
-5.224140360951423645e-02
-4.316691681742668152e-02
-6.992287188768386841e-02
-5.283279716968536377e-02
3.459920734167098999e-02
-3.932196646928787231e-02
-5.777856800705194473e-03
-1.700377464294433594e-02
-4.027556162327528000e-03
8.391922339797019958e-03
4.318146035075187683e-03
3.658264130353927612e-02
2.917478093877434731e-03
3.657752275466918945e-02
2.909886650741100311e-02
1.061004027724266052e-02
5.155471619218587875e-03
-7.734193466603755951e-03
8.334981394000351429e-04
-2.077264524996280670e-02
-1.665478199720382690e-02
-1.596722006797790527e-02
1.959957927465438843e-02
-5.131484009325504303e-03
-2.150693535804748535e-02
-3.847460495308041573e-03
-8.649592287838459015e-03
3.056265786290168762e-02
-3.022601641714572906e-02
-2.436454966664314270e-02
-1.669052988290786743e-02
-4.964379966259002686e-02
-4.498007893562316895e-02
-6.180258002132177353e-03
-1.040730345994234085e-02
-2.171395113691687584e-03
-1.502853445708751678e-02
-2.658361569046974182e-02
-2.079879678785800934e-02
7.381731271743774414e-02
-3.323623538017272949e-02
7.011314481496810913e-02
-3.986765816807746887e-02
-1.036747843027114868e-01
-9.656766802072525024e-02
-4.003431182354688644e-03
-4.413479939103126526e-02
-3.511784970760345459e-02
-6.567090004682540894e-02
-4.979339241981506348e-02
5.708909034729003906e-02
-4.348158091306686401e-02
-8.107728324830532074e-03
-2.087454870343208313e-02
-9.251330047845840454e-03
-1.204807311296463013e-02
-2.543907053768634796e-02
-5.504739005118608475e-03
2.528221160173416138e-02
8.335961960256099701e-03
8.366607129573822021e-03
-8.353797020390629768e-04
-1.729460991919040680e-02
-6.956266239285469055e-03
-2.486367477104067802e-03
-3.858128096908330917e-03
3.375691920518875122e-02
-2.659562509506940842e-03
1.558740064501762390e-02
-1.361605804413557053e-02
3.028263803571462631e-03
-1.338671334087848663e-02
1.203500293195247650e-02
1.707530952990055084e-02
2.834607148543000221e-03
8.992474526166915894e-02
-6.631511449813842773e-02
-3.761418163776397705e-02
1.554274279624223709e-02
2.799431234598159790e-02
6.567672826349735260e-03
1.831364352256059647e-03
1.417591143399477005e-02
1.184200309216976166e-02
5.514704156666994095e-03
1.499933190643787384e-02
1.451095286756753922e-02
-3.502739965915679932e-02
-3.864503651857376099e-02
-2.610190212726593018e-02
-7.609841413795948029e-03
-3.973654285073280334e-02
-8.127656579017639160e-02
-3.637818619608879089e-02
4.708498250693082809e-03
1.190272998064756393e-02
-1.266033481806516647e-02
-1.039614900946617126e-02
-2.471192926168441772e-02
-7.637884933501482010e-03
-8.337046951055526733e-03
-1.707065291702747345e-02
-2.048876322805881500e-02
1.788243884220719337e-03
-1.130341365933418274e-02
-9.319485723972320557e-02
1.254811137914657593e-02
-1.227730885148048401e-02
-1.135867834091186523e-02
-4.645753186196088791e-03
5.639418493956327438e-03
8.749642409384250641e-03
1.491807308048009872e-02
-4.022012464702129364e-03
2.983186952769756317e-02
-7.556676864624023438e-03
1.245682593435049057e-02
-3.713729605078697205e-02
7.301341276615858078e-03
2.775958739221096039e-02
9.424319490790367126e-03
3.694430738687515259e-02
1.667247619479894638e-03
2.106567658483982086e-02
1.864771544933319092e-02
-7.579659111797809601e-03
1.312405336648225784e-02
-4.394424613565206528e-03
-1.334610208868980408e-02
7.559369318187236786e-03
3.361229086294770241e-03
1.102069020271301270e-02
8.624365553259849548e-03
1.024396531283855438e-02
1.181619707494974136e-02
8.284027129411697388e-02
1.491357833147048950e-01
6.055234000086784363e-03
2.296353131532669067e-02
2.034471631050109863e-01
7.310720533132553101e-02
6.431313604116439819e-02
-4.636560380458831787e-02
-3.458970412611961365e-02
-4.073150828480720520e-02
-2.105162478983402252e-03
1.167766842991113663e-02
-3.556777909398078918e-02
-4.449873231351375580e-03
-2.388204447925090790e-02
-1.755570620298385620e-02
-2.543787413742393255e-04
-2.305790968239307404e-02
8.014195598661899567e-03
4.578995867632329464e-04
1.206180732697248459e-02
6.697577191516757011e-04
7.663320284336805344e-03
4.716644063591957092e-03
2.737862616777420044e-02
-4.877112060785293579e-02
-2.178588137030601501e-02
-1.100715831853449345e-03
-2.903898805379867554e-02
-2.436041831970214844e-02
1.677323877811431885e-02
-3.578073531389236450e-02
-3.665493801236152649e-02
-3.592694550752639771e-02
-4.631709307432174683e-02
-5.296878889203071594e-02
-6.501000374555587769e-02
-3.540648892521858215e-02
-3.059358149766921997e-02
-8.019279688596725464e-03
9.861911530606448650e-05
-1.741590164601802826e-02
1.142777781933546066e-02
-5.025192163884639740e-03
1.683662272989749908e-02
-1.022034976631402969e-02
-2.674706466495990753e-02
5.745804402977228165e-03
-2.137474901974201202e-02
2.034861966967582703e-02
-3.411603858694434166e-03
-1.403577253222465515e-02
-7.169934455305337906e-03
-4.262908827513456345e-03
2.783049643039703369e-02
2.393905818462371826e-02
1.947426237165927887e-02
4.837880656123161316e-02
2.747609652578830719e-02
5.952881649136543274e-02
