-2.439614571630954742e-02
-9.476752951741218567e-03
-4.739697277545928955e-02
-7.001673337072134018e-03
1.969485543668270111e-02
9.697603061795234680e-03
-2.552370773628354073e-03
2.069079549983143806e-03
1.658278517425060272e-02
4.116116091609001160e-03
-2.031995914876461029e-03
-2.537068445235490799e-03
1.474199257791042328e-02
1.593265496194362640e-02
-1.077610403299331665e-01
-5.184748396277427673e-02
-9.552630595862865448e-03
-2.354702213779091835e-03
-3.409316530451178551e-03
-9.006131440401077271e-03
-5.239077657461166382e-02
2.399085834622383118e-02
-5.201986059546470642e-02
-6.107681989669799805e-02
3.274178877472877502e-02
-8.386398851871490479e-02
-1.567430347204208374e-01
-8.026857674121856689e-02
3.391004633158445358e-03
3.993748128414154053e-02
-4.846467077732086182e-02
-5.245837569236755371e-02
1.913847983814775944e-03
-2.892473014071583748e-03
1.437804475426673889e-02
1.700985990464687347e-02
-3.219471080228686333e-03
-4.617948550730943680e-03
-6.790610402822494507e-02
2.029353287070989609e-03
-8.746435493230819702e-02
-7.204211503267288208e-02
9.067424386739730835e-02
-5.298421904444694519e-02
-8.916302584111690521e-03
-1.470989082008600235e-02
-2.259310567751526833e-03
1.670506782829761505e-02
3.750922158360481262e-03
-2.941978350281715393e-02
7.781196385622024536e-03
3.653360530734062195e-02
-1.467526331543922424e-02
-3.182568820193409920e-03
-2.661448344588279724e-02
-1.178108435124158859e-02
-9.308030828833580017e-03
9.913817048072814941e-03
-4.737870302051305771e-03
9.972168132662773132e-03
8.181174285709857941e-03
-8.677067235112190247e-03
-1.194283831864595413e-02
-1.061499118804931641e-02
-1.189900562167167664e-02
2.913591824471950531e-02
-5.395440757274627686e-02
-2.814838290214538574e-02
2.018430677708238363e-04
-1.917606452479958534e-03
-3.141868114471435547e-02
1.322798337787389755e-02
8.094509132206439972e-03
-4.926650784909725189e-03
-5.295128095895051956e-03
1.949139498174190521e-02
-3.141191229224205017e-02
-5.609435588121414185e-02
-1.012583822011947632e-02
-1.561067160218954086e-02
-2.220024168491363525e-02
-9.964978322386741638e-03
7.850954309105873108e-03
-8.734150789678096771e-03
-1.177298277616500854e-02
-9.976183995604515076e-03
1.295646652579307556e-02
-4.782171547412872314e-02
1.519921934232115746e-03
-2.379576675593852997e-03
-1.988966576755046844e-02
-2.536842040717601776e-02
5.640428978949785233e-03
-1.704498426988720894e-04
4.629496857523918152e-02
-1.858002878725528717e-02
-6.130917929112911224e-03
-1.968633010983467102e-02
-2.297310903668403625e-02
1.608554273843765259e-03
4.051933065056800842e-03
-6.899847649037837982e-03
-3.257559239864349365e-02
9.155329316854476929e-03
-7.214037468656897545e-04
-1.633537933230400085e-02
2.854764461517333984e-02
2.808761782944202423e-02
-8.384688943624496460e-02
-3.331607580184936523e-02
-5.765456333756446838e-02
-5.192068591713905334e-02
-1.398666482418775558e-02
-4.196911677718162537e-02
1.368250697851181030e-02
3.413750231266021729e-02
1.622132211923599243e-02
-6.845213472843170166e-02
2.765280893072485924e-03
1.691814512014389038e-02
-1.038340153172612190e-03
-3.533183783292770386e-02
1.570089533925056458e-02
2.241937629878520966e-02
-1.095769833773374557e-02
6.329325027763843536e-03
-1.173191703855991364e-02
1.122359558939933777e-02
7.001683861017227173e-02
2.701091393828392029e-02
1.351841073483228683e-02
2.330417931079864502e-02
2.919785492122173309e-02
-4.981972277164459229e-02
-3.333118185400962830e-02
7.752509415149688721e-02
-6.525752693414688110e-02
-5.403719097375869751e-02
2.708798460662364960e-02
-1.791077479720115662e-02
-5.963732674717903137e-02
1.981620443984866142e-03
1.059902273118495941e-02
6.590629345737397671e-04
1.000654138624668121e-02
-2.404480800032615662e-02
-1.509106624871492386e-02
-7.099603302776813507e-03
1.449682167731225491e-03
-1.954100443981587887e-04
-8.014967665076255798e-03
1.050480362027883530e-02
-3.998923301696777344e-02
-4.105566442012786865e-02
-2.727604284882545471e-02
3.428459865972399712e-03
2.066871896386146545e-02
-5.578118935227394104e-02
-1.056728884577751160e-02
2.314890548586845398e-02
-4.216485191136598587e-03
-2.169938758015632629e-02
1.922892034053802490e-02
1.179836690425872803e-02
-7.863779552280902863e-03
1.024449616670608521e-02
-3.618921339511871338e-02
-4.850648809224367142e-03
-4.724564775824546814e-02
-3.965220972895622253e-02
3.121748007833957672e-02
3.401983156800270081e-02
-5.150174256414175034e-03
7.955826818943023682e-03
-2.275083772838115692e-02
-2.169806044548749924e-03
4.245599731802940369e-03
8.344080997630953789e-04
2.392325084656476974e-03
-7.984358817338943481e-04
-1.826934330165386200e-02
-2.562080509960651398e-02
-1.893876306712627411e-02
-2.454384975135326385e-02
-8.776793256402015686e-03
-5.142484605312347412e-02
2.309988439083099365e-02
2.811812236905097961e-02
6.285390350967645645e-03
-2.092148736119270325e-02
-1.869512349367141724e-02
2.813456207513809204e-02
-2.406689338386058807e-02
-1.481368672102689743e-03
2.779366262257099152e-02
1.780632510781288147e-02
-4.299105331301689148e-02
4.980527982115745544e-02
8.714750874787569046e-04
5.005360580980777740e-03
-1.191619411110877991e-02
-4.189942497760057449e-03
-1.669358834624290466e-02
-1.311277411878108978e-02
-4.259926080703735352e-02
-1.209025979042053223e-01
5.714489379897713661e-04
-1.100313216447830200e-01
1.082103140652179718e-02
3.402709495276212692e-03
-3.454070538282394409e-03
-6.487342063337564468e-03
1.144465408287942410e-03
2.494953200221061707e-02
3.832068666815757751e-02
1.572143100202083588e-02
2.716752327978610992e-02
-2.575802244246006012e-02
-6.190670654177665710e-03
-2.108163759112358093e-02
-4.015880078077316284e-02
-1.563348434865474701e-02
-2.912155538797378540e-02
-5.840674042701721191e-03
-2.804161421954631805e-02
-2.348968759179115295e-02
-4.574583843350410461e-02
-6.354546174407005310e-03
-6.844995543360710144e-03
1.369250845164060593e-02
-1.326442509889602661e-01
1.007782015949487686e-02
-4.152558743953704834e-02
2.981779724359512329e-02
-3.485993668437004089e-02
9.305847808718681335e-03
2.099704183638095856e-02
3.428457304835319519e-02
-6.112718582153320312e-02
-4.692735150456428528e-02
8.725685998797416687e-03
-4.923773929476737976e-03
1.080576330423355103e-02
5.908133462071418762e-03
2.786978892982006073e-02
5.025994032621383667e-03
3.530493006110191345e-02
-2.136750333011150360e-02
-8.995648473501205444e-02
2.604516223073005676e-03
-5.340798944234848022e-02
-1.061090156435966492e-01
-3.789384663105010986e-02
-3.820671513676643372e-02
1.225056126713752747e-02
1.444882247596979141e-02
-4.961515590548515320e-02
2.932750061154365540e-02
-1.504880748689174652e-02
1.260689459741115570e-02
-1.748517602682113647e-01
5.701575428247451782e-02
-1.950847804546356201e-01
5.072514340281486511e-02
-1.523459516465663910e-02
9.100384078919887543e-03
9.976773522794246674e-03
-9.598379954695701599e-03
-3.542496263980865479e-02
1.766775548458099365e-02
-9.158714674413204193e-03
-9.073646739125251770e-03
9.665650431998074055e-04
-6.539706885814666748e-02
-4.916762188076972961e-02
-1.661686785519123077e-02
-5.876278132200241089e-02
1.325534284114837646e-02
1.689524576067924500e-02
-1.794173382222652435e-02
4.411005973815917969e-02
-6.894536316394805908e-03
1.478502806276082993e-02
1.444832328706979752e-02
1.523400656878948212e-03
1.597505295649170876e-03
-3.804165124893188477e-02
-5.179366841912269592e-02
-4.265920445322990417e-02
-5.022710561752319336e-02
-1.135193482041358948e-01
-5.542818829417228699e-02
2.602390944957733154e-02
9.387522935867309570e-02
-9.877248108386993408e-02
8.424877375364303589e-02
1.123820804059505463e-02
-3.304731100797653198e-03
-1.537767890840768814e-02
2.695167064666748047e-02
-5.862129852175712585e-02
1.551020052284002304e-02
1.831976138055324554e-02
1.998721994459629059e-02
1.039467565715312958e-02
7.850881665945053101e-04
-3.181681409478187561e-02
7.130315899848937988e-02
2.184119820594787598e-02
-3.986129909753799438e-02
-5.299704894423484802e-02
-3.372896462678909302e-02
1.586515922099351883e-03
5.974778160452842712e-02
5.472999997437000275e-03
2.177620679140090942e-02
6.853356026113033295e-03
1.641922630369663239e-02
1.943664439022541046e-02
1.358805596828460693e-02
-8.622509427368640900e-03
1.371913868933916092e-02
7.187068462371826172e-03
-9.556832723319530487e-03
-1.489332411438226700e-02
-1.214821450412273407e-02
-7.445524446666240692e-03
5.236984230577945709e-03
-6.713695824146270752e-02
-4.865859448909759521e-02
4.709279164671897888e-02
3.059794660657644272e-03
-7.262348663061857224e-03
1.324846758507192135e-03
2.543619135394692421e-03
1.102299243211746216e-02
-4.350813478231430054e-02
-4.053913429379463196e-02
2.412765473127365112e-02
-2.897564694285392761e-02
6.617145985364913940e-02
1.123666111379861832e-02
1.113419514149427414e-02
2.691560424864292145e-02
-1.431757956743240356e-02
-2.658228389918804169e-03
1.403334736824035645e-02
-8.432161062955856323e-03
-5.614034831523895264e-02
-3.627247363328933716e-02
1.182684209197759628e-02
-1.139159407466650009e-02
-1.083902362734079361e-02
-2.474463358521461487e-02
-1.331474911421537399e-02
3.871048800647258759e-03
-5.600969865918159485e-02
2.985642291605472565e-02
-7.350020110607147217e-03
-1.171525120735168457e-01
7.574725430458784103e-03
8.580876141786575317e-02
1.618346199393272400e-02
6.008473411202430725e-02
8.573180064558982849e-03
-1.544869225472211838e-02
2.058520447462797165e-03
7.494759745895862579e-03
-4.954997077584266663e-02
-1.757590845227241516e-02
-1.159186568111181259e-02
-2.227517403662204742e-02
-5.261904001235961914e-02
1.264889724552631378e-02
-2.360109239816665649e-02
6.036052946001291275e-03
-2.545323595404624939e-02
-1.100655572372488678e-04
3.943842311855405569e-04
7.965513505041599274e-03
-3.201789036393165588e-02
-2.115503139793872833e-02
-8.292816579341888428e-02
-1.062361337244510651e-02
-5.994235631078481674e-03
8.858101442456245422e-03
2.560261264443397522e-02
1.061070803552865982e-02
-8.149483799934387207e-02
2.048774622380733490e-02
-2.024683356285095215e-02
-1.575165428221225739e-02
-2.223193645477294922e-02
-2.526458725333213806e-02
-4.639182984828948975e-02
-3.517093136906623840e-02
-2.665785700082778931e-02
-4.969438165426254272e-02
-3.508334606885910034e-02
-1.531161926686763763e-02
-9.265621192753314972e-03
7.024275138974189758e-03
-5.164473503828048706e-02
-1.345020625740289688e-02
-3.446562588214874268e-02
-6.396691501140594482e-02
1.172781269997358322e-02
-5.537674762308597565e-03
-5.462659522891044617e-02
1.731207035481929779e-02
-2.331611886620521545e-02
-2.794628217816352844e-02
1.333524007350206375e-02
-5.243390332907438278e-03
2.654212526977062225e-03
-1.205436792224645615e-02
5.496035329997539520e-03
-1.115932012908160686e-03
2.859140746295452118e-02
-2.517375396564602852e-03
1.243641320616006851e-02
4.615989699959754944e-02
-1.036554924212396145e-03
-1.106185559183359146e-02
3.071030834689736366e-03
5.767797119915485382e-03
2.299280278384685516e-02
6.446753628551959991e-03
-6.134792231023311615e-03
-4.831809177994728088e-02
-7.436273247003555298e-02
2.110574953258037567e-02
9.330203756690025330e-03
-4.261654987931251526e-02
1.530545018613338470e-02
2.774441428482532501e-02
2.963812649250030518e-02
-1.385763566941022873e-02
-6.834516301751136780e-03
-1.106344349682331085e-02
-4.300521314144134521e-02
-3.865192458033561707e-02
-1.797252334654331207e-02
1.474533695727586746e-02
-3.460330422967672348e-03
-1.844643242657184601e-02
-2.019769512116909027e-02
-1.179704722017049789e-02
2.711256407201290131e-02
8.926262706518173218e-02
9.520465508103370667e-03
1.609538495540618896e-02
-1.620086096227169037e-02
2.290832810103893280e-03
2.146090008318424225e-02
3.123760223388671875e-02
-5.237865820527076721e-02
3.241509944200515747e-02
-2.832301706075668335e-02
-2.757566049695014954e-02
-5.505521222949028015e-02
-4.434390738606452942e-02
-3.957215696573257446e-03
8.066890388727188110e-02
3.731044381856918335e-02
6.533010862767696381e-03
-5.155598372220993042e-02
-2.332019619643688202e-02
-2.563812537118792534e-03
-3.100559487938880920e-02
-7.967615500092506409e-03
1.113972999155521393e-02
-1.556537300348281860e-02
-8.796333335340023041e-03
3.031899034976959229e-02
4.943563789129257202e-02
-1.780058443546295166e-02
1.112518459558486938e-02
1.078867632895708084e-02
-8.268157020211219788e-03
-2.576394379138946533e-02
5.194734316319227219e-03
2.140439674258232117e-02
7.859117351472377777e-03
-2.433207817375659943e-03
-2.433626446872949600e-03
-3.290144028142094612e-03
2.235673833638429642e-03
5.933578591793775558e-03
1.917419373057782650e-03
-3.825674206018447876e-02
-3.387578949332237244e-02
-2.910404838621616364e-02
-7.192515581846237183e-02
4.787304997444152832e-02
-1.187446340918540955e-02
1.009378489106893539e-02
-1.638670451939105988e-02
-2.393504045903682709e-02
-2.803604491055011749e-02
1.823502406477928162e-02
-1.545730046927928925e-02
2.796537429094314575e-02
-1.532601099461317062e-02
-7.424337789416313171e-03
-5.235924385488033295e-03
-1.912193186581134796e-02
-9.250802919268608093e-03
-1.623398624360561371e-02
-4.310708027333021164e-03
-1.743846386671066284e-02
1.805173046886920929e-02
-1.509946212172508240e-02
-1.894543133676052094e-02
-7.699642796069383621e-03
-1.713378936983644962e-03
1.183185726404190063e-02
-1.084745489060878754e-02
-2.551140077412128448e-02
-1.778969541192054749e-02
-3.603846533223986626e-03
1.439546141773462296e-02
2.745205350220203400e-02
-2.764222025871276855e-01
3.326669707894325256e-02
-1.228160504251718521e-02
-2.467893064022064209e-02
1.131822937168180943e-03
2.771919406950473785e-02
-1.074409950524568558e-02
2.091777697205543518e-02
7.071407977491617203e-03
3.880817908793687820e-03
-1.676627062261104584e-02
2.267664298415184021e-02
-3.976233769208192825e-03
7.477987674064934254e-04
1.595294103026390076e-02
-1.461391989141702652e-02
-2.286048693349584937e-04
2.811553701758384705e-02
5.849648639559745789e-02
-6.233070418238639832e-02
-6.873187422752380371e-02
-5.679590161889791489e-03
-1.341533195227384567e-02
1.182488258928060532e-02
-1.594426296651363373e-02
3.873017267324030399e-04
-5.787386908195912838e-04
-4.406592808663845062e-03
5.843114922754466534e-04
4.011994693428277969e-03
2.969037741422653198e-02
-1.582367531955242157e-02
-1.777301356196403503e-02
-1.600543782114982605e-02
-3.503849962726235390e-03
-1.882381737232208252e-02
-1.419160328805446625e-02
-9.348905831575393677e-02
2.315909042954444885e-02
-2.172540500760078430e-02
-4.557055979967117310e-02
4.631878342479467392e-03
-1.271968893706798553e-02
-1.510965917259454727e-02
-4.043210670351982117e-02
-4.909263923764228821e-02
7.077366113662719727e-02
4.379907622933387756e-02
-7.128476351499557495e-02
-3.001723997294902802e-02
3.796846140176057816e-03
2.784691005945205688e-02
5.340915638953447342e-03
-5.217111483216285706e-02
-1.863240450620651245e-02
-2.769650332629680634e-02
-3.555170446634292603e-02
1.543242577463388443e-02
-6.615279708057641983e-03
2.269492857158184052e-02
-1.516939955763518810e-03
-1.618257537484169006e-02
-5.759275704622268677e-02
-5.284523963928222656e-02
6.440881174057722092e-03
1.340083498507738113e-02
3.505348227918148041e-03
-4.935375601053237915e-02
-2.394324354827404022e-02
-5.778386071324348450e-02
9.318412095308303833e-02
-5.005325376987457275e-02
7.979215681552886963e-02
-4.713618382811546326e-02
9.791148453950881958e-02
-4.968697130680084229e-01
1.054895594716072083e-01
-2.586147487163543701e-01
-4.157609492540359497e-02
-3.775064274668693542e-02
-5.694713816046714783e-02
-2.436141017824411392e-03
-2.893158979713916779e-02
1.011217292398214340e-02
1.074657123535871506e-02
-9.293419308960437775e-03
-1.097741257399320602e-02
-1.710816659033298492e-02
-4.102969169616699219e-02
-1.795559935271739960e-02
5.443649366497993469e-02
2.354302816092967987e-02
3.072069957852363586e-02
3.481794148683547974e-03
4.690212663263082504e-03
-1.399974059313535690e-02
1.230366807430982590e-02
2.801627479493618011e-02
6.060040323063731194e-04
2.261680550873279572e-02
1.500580366700887680e-02
-9.929243475198745728e-03
-1.039211405441164970e-03
-1.590815372765064240e-02
-1.582785323262214661e-02
-4.293770762160420418e-04
8.379319915547966957e-04
-1.906073652207851410e-02
-1.369108632206916809e-02
3.631540387868881226e-02
6.504073739051818848e-02
1.737429387867450714e-02
5.064223334193229675e-02
-4.324008151888847351e-02
4.693692922592163086e-02
-6.409300118684768677e-02
1.140230614691972733e-02
8.183612488210201263e-03
-5.455259233713150024e-02
-6.154770404100418091e-02
7.657493930310010910e-03
-2.040757797658443451e-02
-1.301805023103952408e-02
-3.141659498214721680e-02
-7.301176432520151138e-03
-5.731791630387306213e-02
4.586447030305862427e-02
-8.311375044286251068e-03
-2.856818214058876038e-02
1.589750312268733978e-02
-4.641772061586380005e-02
-6.496736407279968262e-02
-3.523897752165794373e-02
7.713940925896167755e-03
3.127400577068328857e-02
1.735007762908935547e-02
4.987156018614768982e-03
-6.448116153478622437e-03
1.608155108988285065e-02
-5.434592440724372864e-02
7.104688324034214020e-03
3.612375631928443909e-02
1.598806679248809814e-02
4.089009761810302734e-02
-6.603453774005174637e-03
-2.286144718527793884e-02
-8.837652392685413361e-03
4.721423611044883728e-03
1.150941569358110428e-02
