1.311714015901088715e-02
-2.582107484340667725e-02
-3.416543453931808472e-02
-2.397264167666435242e-02
-1.141678541898727417e-02
3.326368052512407303e-03
-3.615957871079444885e-02
-3.826466854661703110e-03
2.526015043258666992e-02
2.252321317791938782e-02
3.897722810506820679e-02
-5.990019813179969788e-02
-1.538356244564056396e-01
5.710961669683456421e-02
1.579265482723712921e-02
-1.035547349601984024e-02
1.677407138049602509e-02
-2.216137800132855773e-04
-9.803231805562973022e-04
5.426132585853338242e-03
6.772128492593765259e-02
-3.918093442916870117e-02
2.647966332733631134e-02
-6.250883638858795166e-02
1.504341326653957367e-02
-1.511903293430805206e-02
-6.038320064544677734e-02
-6.083684042096138000e-03
-2.282885462045669556e-02
3.194722905755043030e-02
1.219449448399245739e-03
1.635465770959854126e-02
2.215620130300521851e-02
-3.372772037982940674e-02
6.801541894674301147e-03
1.621254347264766693e-02
-4.300791770219802856e-02
1.741797546856105328e-03
8.155072107911109924e-03
-3.097806870937347412e-02
-1.058563869446516037e-02
1.525236666202545166e-02
-3.279326856136322021e-02
3.376808017492294312e-03
3.030996536836028099e-03
-7.230276707559823990e-03
-1.926304027438163757e-02
8.025259710848331451e-03
-1.007265597581863403e-02
-3.323903074488043785e-03
-1.418962236493825912e-02
-4.244769923388957977e-03
-7.210052758455276489e-02
2.989200316369533539e-02
5.217476189136505127e-02
-7.049167156219482422e-02
1.721664331853389740e-02
-4.313190653920173645e-02
2.735517360270023346e-02
-2.195537276566028595e-02
1.123690861277282238e-03
-1.742139272391796112e-02
-3.032850474119186401e-02
-1.486330945044755936e-02
4.412849247455596924e-02
8.389559388160705566e-02
1.695144549012184143e-02
-1.883621513843536377e-02
1.788690686225891113e-02
-4.144399240612983704e-02
2.269604802131652832e-02
-5.061412602663040161e-02
8.379069156944751740e-03
1.690974459052085876e-02
-7.545952685177326202e-03
-1.369806658476591110e-02
5.218681413680315018e-03
-3.747100755572319031e-02
1.916738785803318024e-02
-4.149698466062545776e-02
2.559440769255161285e-02
1.728754304349422455e-02
-1.036201417446136475e-02
-3.519354795571416616e-04
6.642207968980073929e-03
-2.960112318396568298e-02
-2.631968259811401367e-02
-1.184370182454586029e-02
3.643172560259699821e-03
6.319962441921234131e-03
1.624481379985809326e-02
-5.731714516878128052e-02
-7.776182144880294800e-03
-3.327228873968124390e-02
5.380441900342702866e-03
-2.029627747833728790e-02
-4.838970676064491272e-02
3.201992809772491455e-02
5.321793630719184875e-02
-5.619852989912033081e-02
-8.683330379426479340e-03
1.238694693893194199e-02
1.003262307494878769e-02
-4.065769538283348083e-02
-2.373830229043960571e-02
-2.986025530844926834e-03
2.944870106875896454e-02
6.302813999354839325e-03
-2.350843697786331177e-02
-3.293387359008193016e-03
-3.061396814882755280e-02
6.562740076333284378e-03
3.923268057405948639e-03
-2.642860263586044312e-02
1.448223087936639786e-02
-1.010141568258404732e-03
3.857389837503433228e-02
-4.133293032646179199e-02
-1.642532460391521454e-02
1.732674776576459408e-03
-2.725095674395561218e-02
5.922552663832902908e-03
-1.043593883514404297e-02
3.990928176790475845e-03
2.524570003151893616e-02
-8.473055809736251831e-02
1.867209933698177338e-02
-6.684862822294235229e-02
2.459119632840156555e-02
-7.403015345335006714e-02
2.298993766307830811e-01
-1.380060911178588867e-01
3.727898700162768364e-03
-9.536008350551128387e-03
3.793737292289733887e-02
-3.478002175688743591e-02
-5.055667832493782043e-02
9.216125123202800751e-03
2.214160934090614319e-02
-7.209588587284088135e-02
1.461630500853061676e-02
-1.245149504393339157e-02
2.652695029973983765e-02
-8.595895953476428986e-03
-1.208005398511886597e-01
2.974524348974227905e-02
1.124929934740066528e-01
-1.893034763634204865e-02
-2.323568426072597504e-02
-8.188496343791484833e-03
2.650046534836292267e-02
-3.394542634487152100e-02
-2.521463437005877495e-03
2.966923173516988754e-03
-3.901050984859466553e-02
3.296406567096710205e-02
2.882444486021995544e-02
-4.015878960490226746e-02
1.558479573577642441e-02
6.715549621731042862e-03
-5.293308943510055542e-02
1.388591714203357697e-02
2.564377710223197937e-02
-4.967956244945526123e-02
5.336463451385498047e-02
-1.118168979883193970e-01
-4.759598057717084885e-03
-1.855444349348545074e-02
3.654692322015762329e-02
-3.460148721933364868e-02
1.480889879167079926e-02
6.732194125652313232e-02
-1.158672850579023361e-02
3.336542099714279175e-02
3.787533566355705261e-02
-6.049731001257896423e-02
8.995573036372661591e-03
-3.481552004814147949e-02
3.501384332776069641e-02
-5.396317318081855774e-02
7.206625491380691528e-02
-6.419641431421041489e-03
-1.331523433327674866e-02
3.112949617207050323e-02
-9.123711287975311279e-02
3.891163319349288940e-02
1.574322208762168884e-02
1.471027545630931854e-02
-1.000139163807034492e-04
2.554508484899997711e-02
1.097411103546619415e-02
-3.069415874779224396e-02
-1.419190783053636551e-03
1.031700288876891136e-03
-3.706831112504005432e-02
6.258185952901840210e-02
1.626148633658885956e-02
6.647509057074785233e-03
5.545923486351966858e-03
-1.536466740071773529e-02
-8.262068964540958405e-03
-1.374301593750715256e-02
-3.605331480503082275e-02
-2.382615767419338226e-02
-7.666403055191040039e-02
4.082499444484710693e-02
-3.988398611545562744e-02
-9.043215773999691010e-03
-9.318256634287536144e-04
7.171850651502609253e-03
1.922162063419818878e-02
-2.520726807415485382e-02
7.334710564464330673e-03
-1.688613207079470158e-03
-4.160688258707523346e-03
-2.724849386140704155e-03
4.461312666535377502e-03
1.909398706629872322e-03
-5.392094328999519348e-02
8.796912617981433868e-03
8.976074866950511932e-03
-8.660890907049179077e-02
-3.438388556241989136e-02
1.941519556567072868e-03
7.203226536512374878e-02
-6.391849368810653687e-03
1.377795077860355377e-02
-2.929794427473098040e-04
5.819805338978767395e-02
-7.908874750137329102e-02
2.553090639412403107e-02
-8.690798282623291016e-02
-2.096393518149852753e-02
1.130742859095335007e-02
2.950993552803993225e-02
-3.485796228051185608e-02
-3.938027471303939819e-02
2.675033733248710632e-02
-2.384257316589355469e-02
1.841917261481285095e-02
3.163053188472986221e-03
-6.116833537817001343e-03
9.556833654642105103e-03
-4.205714911222457886e-03
-1.761419326066970825e-02
-4.121774341911077499e-03
-6.125745922327041626e-02
3.487707674503326416e-02
-1.330144586972892284e-03
8.829449303448200226e-03
-8.784153498709201813e-03
-1.379948295652866364e-02
-2.922938670963048935e-03
-9.038019343279302120e-04
1.099020475521683693e-03
-1.746772043406963348e-02
5.473508499562740326e-03
3.190420567989349365e-03
-1.360278483480215073e-02
7.335313130170106888e-03
-9.201793000102043152e-03
-6.110508460551500320e-03
-7.669461891055107117e-03
-3.137203631922602654e-03
-5.281594768166542053e-02
2.192913368344306946e-02
-7.467875722795724869e-03
2.271360345184803009e-02
-3.938312083482742310e-02
1.898067630827426910e-02
1.763517223298549652e-02
-2.396410703659057617e-02
-5.490893498063087463e-02
3.156586363911628723e-02
-2.666894160211086273e-02
-4.720959346741437912e-03
-1.177431464195251465e+00
5.263260751962661743e-02
-2.904824726283550262e-02
-1.085241418331861496e-02
4.704438149929046631e-02
-1.003796756267547607e-01
-1.994030363857746124e-02
1.397215668112039566e-02
7.332438975572586060e-02
-6.374502927064895630e-02
-5.389884114265441895e-03
-7.975702174007892609e-03
7.780432933941483498e-04
-4.813684150576591492e-02
2.368807606399059296e-02
3.264442319050431252e-03
1.458579953759908676e-02
-8.149789273738861084e-02
-1.681446582078933716e-01
-5.760899279266595840e-03
1.188860163092613220e-01
-6.348704546689987183e-02
-1.564010232686996460e-02
7.744506001472473145e-03
4.550253972411155701e-02
-1.873655766248703003e-01
9.818158112466335297e-03
-1.205208897590637207e-02
-1.514802803285419941e-03
1.806975714862346649e-02
2.665093541145324707e-02
-6.567952036857604980e-02
1.595184952020645142e-02
-1.592777855694293976e-02
1.083537586964666843e-03
-6.104409694671630859e-03
-2.292863652110099792e-02
1.518865115940570831e-03
1.306915748864412308e-02
-1.447119517251849174e-03
3.454073145985603333e-02
2.416291646659374237e-02
7.175385951995849609e-02
-4.398841038346290588e-02
-3.458089660853147507e-03
-4.459558427333831787e-02
-1.819788664579391479e-02
-4.061364743392914534e-04
5.605087429285049438e-02
-7.704154402017593384e-02
-5.548101291060447693e-02
1.922144554555416107e-02
5.236132442951202393e-02
3.059906139969825745e-02
-2.704391226870939136e-05
-1.059648673981428146e-02
-2.053452096879482269e-02
1.534225605428218842e-02
-2.799388207495212555e-02
-2.040119376033544540e-03
